0.001609
0.001612
0.001614
0.001617
0.001618
0.001620
0.001621
0.001622
0.001623
0.001623
0.001623
0.001623
0.001622
0.001621
0.001620
0.001618
0.001616
0.001614
0.001612
0.001608
0.001605
0.001601
0.001597
0.001592
0.001587
0.001582
0.001576
0.001571
0.001566
0.001562
0.001557
0.001551
0.001546
0.001540
0.001534
0.001528
0.001522
0.001515
0.001508
0.001501
0.001494
0.001486
0.001478
0.001470
0.001461
0.001452
0.001443
0.001433
0.001423
0.001413
0.001402
0.001391
0.001380
0.001369
0.001357
0.001345
0.001333
0.001321
0.001308
0.001295
0.001282
0.001269
0.001255
0.001242
0.001228
0.001213
0.001199
0.001184
0.001169
0.001154
0.001139
0.001123
0.001108
0.001093
0.001078
0.001063
0.001048
0.001032
0.001016
0.001001
0.000984
0.000968
0.000952
0.000935
0.000918
0.000901
0.000884
0.000867
0.000849
0.000831
0.000814
0.000796
0.000777
0.000759
0.000741
0.000722
0.000703
0.000684
0.000665
0.000646
0.000626
0.000607
0.000587
0.000567
0.000548
0.000528
0.000507
0.000487
0.000467
0.000446
0.000425
0.000405
0.000384
0.000363
0.000342
0.000321
0.000299
0.000278
0.000256
0.000235
0.000213
0.000192
0.000170
0.000148
0.000126
0.000104
0.000082
0.000058
0.000033
0.000009
-0.000015
-0.000040
-0.000064
-0.000089
-0.000114
-0.000139
-0.000164
-0.000189
-0.000214
-0.000240
-0.000265
-0.000291
-0.000316
-0.000342
-0.000368
-0.000394
-0.000420
-0.000445
-0.000470
-0.000494
-0.000519
-0.000544
-0.000569
-0.000594
-0.000619
-0.000644
-0.000669
-0.000695
-0.000720
-0.000746
-0.000772
-0.000798
-0.000824
-0.000850
-0.000876
-0.000903
-0.000929
-0.000956
-0.000983
-0.001010
-0.001038
-0.001065
-0.001093
-0.001121
-0.001149
-0.001177
-0.001206
-0.001235
-0.001263
-0.001293
-0.001322
-0.001352
-0.001381
-0.001411
-0.001442
-0.001472
-0.001503
-0.001534
-0.001565
-0.001597
-0.001629
-0.001661
-0.001693
-0.001725
-0.001758
-0.001792
-0.001825
-0.001859
-0.001893
-0.001927
-0.001962
-0.001997
-0.002032
-0.002067
-0.002103
-0.002139
-0.002176
-0.002213
-0.002250
-0.002287
-0.002325
-0.002363
-0.002402
-0.002440
-0.002480
-0.002519
-0.002559
-0.002600
-0.002640
-0.002681
-0.002723
-0.002765
-0.002807
-0.002849
-0.002892
-0.002936
-0.002980
-0.003024
-0.003068
-0.003113
-0.003158
-0.003204
-0.003250
-0.003296
-0.003343
-0.003389
-0.003436
-0.003483
-0.003530
-0.003578
-0.003625
-0.003672
-0.003720
-0.003767
-0.003814
-0.003861
-0.003908
-0.003955
-0.004002
-0.004048
-0.004091
-0.004130
-0.004169
-0.004208
-0.004246
-0.004285
-0.004325
-0.004364
-0.004404
-0.004444
-0.004485
-0.004527
-0.004569
-0.004612
-0.004655
-0.004699
-0.004744
-0.004789
-0.004835
-0.004881
-0.004927
-0.004973
-0.005020
-0.005067
-0.005114
-0.005162
-0.005209
-0.005257
-0.005302
-0.005346
-0.005390
-0.005433
-0.005476
-0.005518
-0.005560
-0.005601
-0.005643
-0.005684
-0.005723
-0.005762
-0.005800
-0.005837
-0.005873
-0.005907
-0.005937
-0.005969
-0.005999
-0.006027
-0.006054
-0.006078
-0.006100
-0.006119
-0.006137
-0.006151
-0.006164
-0.006173
-0.006180
-0.006185
-0.006186
-0.006185
-0.006182
-0.006176
-0.006168
-0.006157
-0.006143
-0.006128
-0.006110
-0.006090
-0.006067
-0.006042
-0.006016
-0.005986
-0.005955
-0.005922
-0.005887
-0.005851
-0.005812
-0.005772
-0.005730
-0.005687
-0.005642
-0.005596
-0.005550
-0.005502
-0.005453
-0.005403
-0.005353
-0.005303
-0.005252
-0.005201
-0.005150
-0.005099
-0.005049
-0.004998
-0.004948
-0.004898
-0.004849
-0.004801
-0.004753
-0.004706
-0.004660
-0.004615
-0.004571
-0.004528
-0.004486
-0.004445
-0.004406
-0.004368
-0.004332
-0.004297
-0.004264
-0.004233
-0.004202
-0.004174
-0.004146
-0.004120
-0.004095
-0.004072
-0.004050
-0.004029
-0.004009
-0.003990
-0.003973
-0.003956
-0.003941
-0.003927
-0.003913
-0.003901
-0.003891
-0.003881
-0.003873
-0.003866
-0.003861
-0.003857
-0.003855
-0.003855
-0.003856
-0.003860
-0.003865
-0.003872
-0.003881
-0.003892
-0.003905
-0.003919
-0.003935
-0.003952
-0.003971
-0.003991
-0.004012
-0.004034
-0.004057
-0.004081
-0.004105
-0.004129
-0.004154
-0.004179
-0.004204
-0.004230
-0.004255
-0.004281
-0.004307
-0.004334
-0.004360
-0.004388
-0.004415
-0.004443
-0.004471
-0.004500
-0.004529
-0.004559
-0.004589
-0.004620
-0.004651
-0.004683
-0.004715
-0.004748
-0.004782
-0.004815
-0.004849
-0.004883
-0.004918
-0.004953
-0.004988
-0.005023
-0.005058
-0.005093
-0.005128
-0.005164
-0.005200
-0.005237
-0.005274
-0.005312
-0.005350
-0.005388
-0.005428
-0.005468
-0.005508
-0.005550
-0.005592
-0.005634
-0.005678
-0.005721
-0.005766
-0.005811
-0.005857
-0.005904
-0.005952
-0.006000
-0.006049
-0.006099
-0.006150
-0.006202
-0.006254
-0.006308
-0.006362
-0.006418
-0.006474
-0.006531
-0.006590
-0.006649
-0.006709
-0.006771
-0.006833
-0.006897
-0.006962
-0.007028
-0.007096
-0.007164
-0.007234
-0.007303
-0.007374
-0.007445
-0.007517
-0.007588
-0.007660
-0.007730
-0.007801
-0.007871
-0.007940
-0.008008
-0.008075
-0.008141
-0.008205
-0.008270
-0.008332
-0.008395
-0.008456
-0.008516
-0.008575
-0.008633
-0.008689
-0.008744
-0.008798
-0.008851
-0.008903
-0.008954
-0.009004
-0.009053
-0.009099
-0.009145
-0.009189
-0.009233
-0.009276
-0.009317
-0.009358
-0.009397
-0.009435
-0.009472
-0.009507
-0.009541
-0.009574
-0.009606
-0.009636
-0.009666
-0.009694
-0.009721
-0.009747
-0.009772
-0.009797
-0.009821
-0.009844
-0.009867
-0.009889
-0.009911
-0.009932
-0.009953
-0.009974
-0.009995
-0.010016
-0.010035
-0.010055
-0.010073
-0.010091
-0.010109
-0.010125
-0.010156
-0.010170
-0.010183
-0.010196
-0.010208
-0.010219
-0.010229
-0.010239
-0.010249
-0.010257
-0.010266
-0.010273
-0.010281
-0.010288
-0.010295
-0.010302
-0.010308
-0.010315
-0.010321
-0.010328
-0.010334
-0.010341
-0.010347
-0.010353
-0.010359
-0.010365
-0.010371
-0.010377
-0.010383
-0.010389
-0.010395
-0.010402
-0.010409
-0.010417
-0.010425
-0.010433
-0.010442
-0.010452
-0.010462
-0.010473
-0.010484
-0.010496
-0.010508
-0.010521
-0.010533
-0.010547
-0.010560
-0.010573
-0.010587
-0.010601
-0.010615
-0.010629
-0.010644
-0.010658
-0.010673
-0.010688
-0.010703
-0.010718
-0.010734
-0.010749
-0.010765
-0.010781
-0.010797
-0.010813
-0.010829
-0.010846
-0.010862
-0.010878
-0.010894
-0.010910
-0.010925
-0.010940
-0.010954
-0.010967
-0.010979
-0.010990
-0.011001
-0.011010
-0.011018
-0.011024
-0.011030
-0.011034
-0.011037
-0.011038
-0.011039
-0.011039
-0.011038
-0.011036
-0.011033
-0.011030
-0.011026
-0.011021
-0.011016
-0.011009
-0.011002
-0.010995
-0.010986
-0.010977
-0.010967
-0.010956
-0.010944
-0.010932
-0.010918
-0.010904
-0.010888
-0.010871
-0.010853
-0.010833
-0.010812
-0.010790
-0.010766
-0.010740
-0.010713
-0.010685
-0.010655
-0.010624
-0.010591
-0.010557
-0.010520
-0.010483
-0.010443
-0.010401
-0.010357
-0.010311
-0.010263
-0.010212
-0.010159
-0.010103
-0.010045
-0.009984
-0.009920
-0.009854
-0.009787
-0.009716
-0.009644
-0.009568
-0.009492
-0.009412
-0.009331
-0.009249
-0.009164
-0.009079
-0.008991
-0.008903
-0.008814
-0.008724
-0.008632
-0.008540
-0.008445
-0.008351
-0.008254
-0.008156
-0.008058
-0.007957
-0.007856
-0.007753
-0.007649
-0.007544
-0.007437
-0.007329
-0.007220
-0.007110
-0.006999
-0.006886
-0.006774
-0.006661
-0.006548
-0.006435
-0.006323
-0.006211
-0.006100
-0.005990
-0.005880
-0.005771
-0.005662
-0.005554
-0.005444
-0.005334
-0.005224
-0.005111
-0.004997
-0.004881
-0.004762
-0.004641
-0.004516
-0.004388
-0.004256
-0.004120
-0.003980
-0.003835
-0.003685
-0.003530
-0.003369
-0.003204
-0.003032
-0.002855
-0.002671
-0.002481
-0.002285
-0.002078
-0.001865
-0.001645
-0.001419
-0.001186
-0.000941
-0.000659
-0.000364
-0.000064
0.000251
0.000574
0.000893
0.001193
0.001499
0.001810
0.002128
0.002454
0.002787
0.003127
0.003476
0.003831
0.004194
0.004564
0.004941
0.005325
0.005714
0.006110
0.006511
0.006916
0.007326
0.007738
0.008154
0.008571
0.008989
0.009405
0.009819
0.010230
0.010641
0.011047
0.011452
0.011851
0.012247
0.012637
0.013022
0.013398
0.013770
0.014131
0.014486
0.014831
0.015166
0.015491
0.015637
0.015949
0.016249
0.016535
0.016808
0.017066
0.017309
0.017535
0.017745
0.017936
0.018109
0.018262
0.018395
0.018506
0.018594
0.018659
0.018701
0.018717
0.018708
0.018672
0.018609
0.018519
0.018400
0.018252
0.018074
0.017866
0.017627
0.017356
0.017052
0.016716
0.016346
0.015943
0.015505
0.015033
0.014525
0.013982
0.013402
0.012786
0.012132
0.011441
0.010711
0.009943
0.009136
0.008290
0.007404
0.006478
0.005514
0.004509
0.003465
0.002381
0.001257
0.000094
-0.001108
-0.002351
-0.003633
-0.004954
-0.006315
-0.007715
-0.009155
-0.010635
-0.012154
-0.013712
-0.015310
-0.016948
-0.018625
-0.020341
-0.022096
-0.023890
-0.025722
-0.027593
-0.029501
-0.031446
-0.033427
-0.035443
-0.037494
-0.039579
-0.041696
-0.043846
-0.046027
-0.048238
-0.050480
-0.052752
-0.055053
-0.057382
-0.059740
-0.062127
-0.064541
-0.066983
-0.069452
-0.071949
-0.074472
-0.077023
-0.079599
-0.082203
-0.084831
-0.087485
-0.090163
-0.092866
-0.095592
-0.098340
-0.101111
-0.103903
-0.106717
-0.109551
-0.112405
-0.115280
-0.118179
-0.121092
-0.124030
-0.126982
-0.129953
-0.132948
-0.135956
-0.138988
-0.142034
-0.145102
-0.148184
-0.151289
-0.154406
-0.157545
-0.160696
-0.163868
-0.167051
-0.170250
-0.173469
-0.176699
-0.179948
-0.183207
-0.186486
-0.189775
-0.193082
-0.196400
-0.199735
-0.203079
-0.206441
-0.209812
-0.213199
-0.216595
-0.220003
-0.223426
-0.226857
-0.230303
-0.233756
-0.237223
-0.240698
-0.244186
-0.247679
-0.251185
-0.254697
-0.258219
-0.261745
-0.265278
-0.268821
-0.272367
-0.275921
-0.279476
-0.283038
-0.286601
-0.290169
-0.293736
-0.297307
-0.300875
-0.304445
-0.308010
-0.311571
-0.315131
-0.318683
-0.322230
-0.325766
-0.329294
-0.332809
-0.336313
-0.339799
-0.343272
-0.346725
-0.350159
-0.353571
-0.356959
-0.360325
-0.363662
-0.366974
-0.370255
-0.373506
-0.376724
-0.379908
-0.383055
-0.386165
-0.389233
-0.392259
-0.395240
-0.398173
-0.401058
-0.403890
-0.406668
-0.409390
-0.412054
-0.414658
-0.417200
-0.419679
-0.422118
-0.424499
-0.426797
-0.429007
-0.431147
-0.433208
-0.435196
-0.437104
-0.438927
-0.440671
-0.442325
-0.443897
-0.445376
-0.446796
-0.448154
-0.449364
-0.450478
-0.451495
-0.452412
-0.453227
-0.453940
-0.454548
-0.455049
-0.455443
-0.455728
-0.455901
-0.455962
-0.455910
-0.455741
-0.455456
-0.455053
-0.454530
-0.453886
-0.453118
-0.452227
-0.451210
-0.450065
-0.448792
-0.447390
-0.445857
-0.444191
-0.442394
-0.440462
-0.438396
-0.436196
-0.433861
-0.431390
-0.428783
-0.426040
-0.423162
-0.420147
-0.416997
-0.413712
-0.410292
-0.406738
-0.403050
-0.399230
-0.395277
-0.391194
-0.386980
-0.382636
-0.378165
-0.373566
-0.368842
-0.363991
-0.359018
-0.353920
-0.348702
-0.343363
-0.337905
-0.332329
-0.326638
-0.320832
-0.314912
-0.308882
-0.302742
-0.296495
-0.290142
-0.283686
-0.277129
-0.270473
-0.263721
-0.256874
-0.249936
-0.242909
-0.235795
-0.228597
-0.221317
-0.213958
-0.206523
-0.199013
-0.191432
-0.183782
-0.176065
-0.168284
-0.160442
-0.152540
-0.144583
-0.136572
-0.128511
-0.120401
-0.112247
-0.104049
-0.095812
-0.087537
-0.079227
-0.070885
-0.062512
-0.054112
-0.045687
-0.037240
-0.028773
-0.020289
-0.011790
-0.003279
0.005240
0.013766
0.022295
0.030824
0.039351
0.047873
0.056387
0.064890
0.073380
0.081853
0.090306
0.098737
0.107144
0.115523
0.123871
0.132187
0.140466
0.148708
0.156908
0.165064
0.173175
0.181237
0.189247
0.197205
0.205106
0.212949
0.220732
0.228452
0.236106
0.243693
0.251212
0.258658
0.266031
0.273327
0.280546
0.287685
0.294743
0.301717
0.308606
0.315407
0.322120
0.328742
0.335271
0.341706
0.348046
0.354289
0.360432
0.366476
0.372417
0.378255
0.383988
0.389615
0.395135
0.400547
0.405850
0.411042
0.416124
0.421093
0.425951
0.430695
0.435324
0.439840
0.444240
0.448524
0.452692
0.456743
0.460678
0.464495
0.468196
0.471780
0.475247
0.478597
0.481831
0.484948
0.487950
0.490836
0.493606
0.496262
0.498802
0.501228
0.503540
0.505738
0.507822
0.509793
0.511651
0.513396
0.515030
0.516552
0.517964
0.519265
0.520457
0.521540
0.522515
0.523383
0.524144
0.524799
0.525350
0.525619
0.525341
0.524984
0.524535
0.524249
0.524206
0.524065
0.523828
0.523494
0.523577
0.523617
0.523032
0.522350
0.521558
0.520685
0.519701
0.518637
0.517464
0.516210
0.514848
0.513406
0.511859
0.510229
0.508493
0.506442
0.504317
0.502095
0.499787
0.497397
0.494921
0.492367
0.489772
0.487226
0.484595
0.481849
0.479049
0.476136
0.473170
0.470093
0.466965
0.463725
0.460438
0.457039
0.453593
0.450063
0.446484
0.442827
0.439072
0.435258
0.431346
0.427378
0.423311
0.419190
0.414971
0.410701
0.406333
0.401917
0.397403
0.392846
0.388220
0.383497
0.378737
0.373881
0.368993
0.364010
0.358999
0.353895
0.348768
0.343549
0.338313
0.332991
0.327658
0.322279
0.316817
0.311349
0.305801
0.300250
0.294622
0.288994
0.283291
0.277594
0.271824
0.266062
0.260226
0.254414
0.248524
0.242662
0.236773
0.230822
0.224895
0.218910
0.212952
0.206940
0.200961
0.194933
0.188940
0.182892
0.176905
0.170856
0.164872
0.158883
0.152859
0.146887
0.140884
0.134934
0.128959
0.123042
0.117103
0.111227
0.105320
0.099504
0.093650
0.087892
0.082152
0.076406
0.070736
0.065063
0.059470
0.053880
0.048373
0.042874
0.037460
0.032044
0.026747
0.021438
0.016250
0.011091
0.005927
0.000889
-0.004149
-0.009074
-0.013966
-0.018756
-0.023523
-0.028158
-0.032780
-0.037268
-0.041738
-0.046087
-0.050344
-0.054577
-0.058685
-0.062739
-0.066681
-0.070564
-0.074333
-0.078053
-0.081633
-0.085172
-0.088584
-0.091928
-0.095157
-0.098315
-0.101359
-0.104310
-0.107188
-0.109953
-0.112652
-0.115221
-0.117734
-0.120119
-0.122445
-0.124655
-0.126789
-0.128817
-0.130775
-0.132615
-0.134372
-0.136051
-0.137629
-0.139135
-0.140530
-0.141859
-0.143084
-0.144234
-0.145292
-0.146273
-0.147165
-0.147986
-0.148714
-0.149369
-0.149954
-0.150456
-0.150893
-0.151251
-0.151546
-0.151770
-0.151930
-0.152024
-0.152055
-0.152026
-0.151936
-0.151789
-0.151585
-0.151325
-0.151014
-0.150647
-0.150236
-0.149771
-0.149265
-0.148711
-0.148119
-0.147480
-0.146812
-0.146098
-0.145360
-0.144588
-0.143777
-0.142949
-0.142083
-0.141201
-0.140290
-0.139363
-0.138410
-0.137446
-0.136454
-0.135462
-0.134442
-0.133420
-0.132382
-0.131341
-0.130297
-0.129231
-0.128172
-0.127101
-0.126035
-0.124955
-0.123891
-0.122811
-0.121749
-0.120672
-0.119610
-0.118545
-0.117493
-0.116446
-0.115398
-0.114366
-0.113334
-0.112318
-0.111300
-0.110307
-0.109309
-0.108337
-0.107361
-0.106408
-0.105462
-0.104502
-0.103568
-0.102642
-0.101708
-0.100592
-0.099685
-0.098662
-0.097506
-0.096532
-0.095726
-0.094901
-0.094291
-0.093637
-0.093220
-0.092855
-0.092223
-0.091593
-0.090978
-0.090383
-0.089806
-0.089249
-0.088711
-0.088192
-0.087691
-0.087210
-0.086746
-0.086300
-0.085875
-0.085459
-0.085066
-0.084649
-0.084237
-0.083851
-0.083491
-0.083152
-0.082871
-0.082619
-0.082382
-0.082159
-0.081951
-0.081754
-0.081569
-0.081395
-0.081233
-0.081080
-0.080938
-0.080805
-0.080682
-0.080567
-0.080461
-0.080363
-0.080272
-0.080193
-0.080121
-0.080056
-0.079996
-0.079942
-0.079893
-0.079850
-0.079811
-0.079777
-0.079746
-0.079720
-0.079697
-0.079678
-0.079662
-0.079649
-0.079640
-0.079634
-0.079631
-0.079631
-0.079635
-0.079643
-0.079655
-0.079671
-0.079691
-0.079716
-0.079746
-0.079779
-0.079817
-0.079857
-0.079902
-0.079948
-0.079998
-0.080048
-0.080101
-0.080153
-0.080206
-0.080258
-0.080310
-0.080361
-0.080409
-0.080456
-0.080499
-0.080540
-0.080577
-0.080611
-0.080641
-0.080668
-0.080690
-0.080708
-0.080724
-0.080734
-0.080741
-0.080743
-0.080743
-0.080737
-0.080727
-0.080711
-0.080689
-0.080663
-0.080630
-0.080593
-0.080550
-0.080499
-0.080442
-0.080377
-0.080306
-0.080226
-0.080139
-0.080043
-0.079940
-0.079828
-0.079708
-0.079579
-0.079443
-0.079300
-0.079147
-0.078988
-0.078820
-0.078648
-0.078471
-0.078286
-0.078096
-0.077900
-0.077696
-0.077488
-0.077275
-0.077055
-0.076832
-0.076602
-0.076371
-0.076136
-0.075895
-0.075655
-0.075412
-0.075165
-0.074919
-0.074669
-0.074421
-0.074171
-0.073919
-0.073668
-0.073416
-0.073162
-0.072908
-0.072652
-0.072397
-0.072141
-0.071882
-0.071624
-0.071366
-0.071105
-0.070845
-0.070581
-0.070319
-0.070056
-0.069791
-0.069526
-0.069260
-0.068991
-0.068724
-0.068454
-0.068185
-0.067916
-0.067643
-0.067373
-0.067102
-0.066829
-0.066557
-0.066283
-0.066011
-0.065739
-0.065464
-0.065192
-0.064920
-0.064646
-0.064374
-0.064101
-0.063830
-0.063559
-0.063286
-0.063016
-0.062744
-0.062473
-0.062203
-0.061930
-0.061660
-0.061389
-0.061115
-0.060842
-0.060567
-0.060294
-0.060020
-0.059743
-0.059468
-0.059192
-0.058914
-0.058638
-0.058360
-0.058084
-0.057807
-0.057529
-0.057252
-0.056975
-0.056696
-0.056419
-0.056140
-0.055862
-0.055585
-0.055305
-0.055028
-0.054752
-0.054474
-0.054199
-0.053924
-0.053651
-0.053379
-0.053107
-0.052837
-0.052568
-0.052299
-0.052032
-0.051764
-0.051499
-0.051235
-0.050971
-0.050709
-0.050448
-0.050187
-0.049929
-0.049670
-0.049414
-0.049160
-0.048907
-0.048657
-0.048408
-0.048163
-0.047922
-0.047682
-0.047446
-0.047214
-0.046984
-0.046758
-0.046524
-0.046297
-0.046083
-0.045870
-0.045664
-0.045461
-0.045256
-0.045050
-0.044871
-0.044683
-0.044500
-0.044318
-0.044142
-0.043969
-0.043799
-0.043634
-0.043470
-0.043311
-0.043155
-0.043001
-0.042852
-0.042706
-0.042563
-0.042422
-0.042276
-0.042141
-0.042007
-0.041876
-0.041749
-0.041625
-0.041503
-0.041385
-0.041269
-0.041159
-0.041052
-0.040946
-0.040846
-0.040749
-0.040655
-0.040564
-0.040475
-0.040392
-0.040311
-0.040231
-0.040156
-0.040083
-0.040011
-0.039942
-0.039874
-0.039809
-0.039745
-0.039682
-0.039621
-0.039559
-0.039500
-0.039442
-0.039383
-0.039327
-0.039271
-0.039216
-0.039162
-0.039109
-0.039058
-0.039008
-0.038958
-0.038911
-0.038864
-0.038818
-0.038775
-0.038731
-0.038690
-0.038649
-0.038608
-0.038569
-0.038530
-0.038491
-0.038454
-0.038416
-0.038381
-0.038347
-0.038314
-0.038284
-0.038257
-0.038233
-0.038214
-0.038199
-0.038191
-0.038190
-0.038197
-0.038215
-0.038242
-0.038282
-0.038335
-0.038403
-0.038487
-0.038588
-0.038707
-0.038847
-0.039005
-0.039186
-0.039386
-0.039609
-0.039855
-0.040122
-0.040413
-0.040728
-0.041065
-0.041428
-0.041814
-0.042225
-0.042665
-0.043130
-0.043622
-0.044147
-0.044700
-0.045288
-0.045906
-0.046559
-0.047252
-0.047978
-0.048743
-0.049550
-0.050391
-0.051276
-0.052194
-0.053152
-0.054153
-0.055180
-0.056258
-0.057364
-0.058513
-0.059695
-0.060897
-0.062145
-0.063422
-0.064712
-0.066052
-0.067392
-0.068771
-0.070169
-0.071568
-0.073002
-0.074447
-0.075887
-0.077362
-0.078817
-0.080294
-0.081769
-0.083228
-0.084700
-0.086162
-0.087599
-0.089048
-0.090458
-0.091865
-0.093249
-0.094594
-0.095928
-0.097228
-0.098492
-0.099723
-0.100903
-0.102054
-0.103156
-0.104201
-0.105206
-0.106153
-0.107041
-0.107870
-0.108628
-0.109327
-0.109954
-0.110503
-0.110981
-0.111379
-0.111693
-0.111921
-0.112060
-0.112108
-0.112061
-0.111919
-0.111675
-0.111328
-0.110876
-0.110315
-0.109650
-0.108863
-0.107962
-0.106953
-0.105805
-0.104552
-0.103160
-0.101645
-0.100012
-0.098230
-0.096318
-0.094288
-0.092087
-0.089780
-0.087307
-0.084698
-0.081965
-0.079057
-0.076011
-0.072841
-0.069475
-0.066011
-0.062357
-0.058565
-0.054652
-0.050547
-0.046303
-0.041941
-0.037363
-0.032702
-0.027840
-0.022843
-0.017737
-0.012428
-0.006989
-0.001406
0.004322
0.010150
0.016182
0.022333
0.028577
0.035023
0.041580
0.048270
0.055086
0.061984
0.069077
0.076264
0.083524
0.090973
0.098507
0.106157
0.113906
0.121714
0.129699
0.137750
0.145849
0.154119
0.162417
0.170860
0.179349
0.187864
0.196539
0.205245
0.213970
0.222862
0.231703
0.240684
0.249675
0.258663
0.267779
0.276890
0.285987
0.295219
0.304370
0.313622
0.322845
0.332035
0.341316
0.350552
0.359744
0.369030
0.378204
0.387440
0.396606
0.405715
0.414871
0.423942
0.433008
0.441993
0.450903
0.459834
0.468655
0.477392
0.486134
0.494753
0.503338
0.511802
0.520164
0.528506
0.536706
0.544795
0.552848
0.560745
0.568580
0.576260
0.583819
0.591316
0.598644
0.605846
0.612973
0.619923
0.626789
0.633472
0.640024
0.646480
0.652747
0.658879
0.664897
0.670739
0.676464
0.681990
0.687380
0.692642
0.697700
0.702621
0.707392
0.711991
0.716446
0.720693
0.724801
0.728757
0.732502
0.736110
0.739542
0.742812
0.745917
0.748814
0.751575
0.754165
0.756548
0.758813
0.760853
0.762761
0.764491
0.766017
0.767414
0.768627
0.769639
0.770530
0.771199
0.771743
0.772095
0.772250
0.772282
0.772117
0.771757
0.771272
0.770568
0.769744
0.768715
0.767495
0.766156
0.764608
0.762871
0.761002
0.758920
0.756721
0.754304
0.751705
0.748989
0.746025
0.742966
0.739681
0.736218
0.732642
0.728837
0.724857
0.720764
0.716410
0.711971
0.707299
0.702457
0.697502
0.692310
0.686951
0.681480
0.675738
0.669923
0.663864
0.657648
0.651319
0.644745
0.638017
0.631178
0.624064
0.616888
0.609465
0.601899
0.594223
0.586300
0.578241
0.570017
0.561630
0.553140
0.544400
0.535531
0.526561
0.517340
0.507999
0.498489
0.488833
0.479078
0.469072
0.458954
0.448738
0.438271
0.427699
0.416954
0.406087
0.395119
0.383904
0.372597
0.361195
0.349546
0.337834
0.325902
0.313894
0.301789
0.289444
0.277033
0.264527
0.251767
0.239005
0.226007
0.212961
0.199826
0.186465
0.173065
0.159580
0.145861
0.132160
0.118242
0.104303
0.090296
0.076081
0.061859
0.047573
0.033080
0.018629
0.003987
-0.010636
-0.025311
-0.040163
-0.054983
-0.069953
-0.084881
-0.099856
-0.114983
-0.130050
-0.145155
-0.160400
-0.175572
-0.190876
-0.206091
-0.221332
-0.236689
-0.251943
-0.267214
-0.282586
-0.297839
-0.313206
-0.328440
-0.343673
-0.358983
-0.374146
-0.389304
-0.404518
-0.419571
-0.434711
-0.449670
-0.464599
-0.479557
-0.494331
-0.509066
-0.523792
-0.538374
-0.552950
-0.567317
-0.581626
-0.595913
-0.609975
-0.623970
-0.637899
-0.651661
-0.665367
-0.678820
-0.692193
-0.705490
-0.718522
-0.731460
-0.744275
-0.756899
-0.769414
-0.781640
-0.793755
-0.805740
-0.817424
-0.828985
-0.840364
-0.851529
-0.862534
-0.873223
-0.883766
-0.894130
-0.904165
-0.914113
-0.923694
-0.933111
-0.942319
-0.951189
-0.959883
-0.968354
-0.976481
-0.984479
-0.992093
-0.999520
-1.006699
-1.013528
-1.020159
-1.026530
-1.032551
-1.038406
-1.043875
-1.049137
-1.054119
-1.058749
-1.063166
-1.067258
-1.071104
-1.074653
-1.077857
-1.080837
-1.083515
-1.085852
-1.087964
-1.089736
-1.091267
-1.092487
-1.093383
-1.094049
-1.094404
-1.094444
-1.094256
-1.093732
-1.092982
-1.091922
-1.090570
-1.088994
-1.087111
-1.084951
-1.082570
-1.079867
-1.076964
-1.073762
-1.070312
-1.066651
-1.062699
-1.058517
-1.054100
-1.049451
-1.044602
-1.039481
-1.034163
-1.028656
-1.022888
-1.016946
-1.010782
-1.004446
-0.997942
-0.991198
-0.984317
-0.977277
-0.970013
-0.962634
-0.955056
-0.947370
-0.939549
-0.931529
-0.923426
-0.915201
-0.906790
-0.898317
-0.889672
-0.880976
-0.872178
-0.863218
-0.854225
-0.845141
-0.835910
-0.826656
-0.817264
-0.807869
-0.798397
-0.788800
-0.779216
-0.769568
-0.759813
-0.750068
-0.740222
-0.730414
-0.720561
-0.710619
-0.700731
-0.690808
-0.680817
-0.670870
-0.660853
-0.650907
-0.640943
-0.630921
-0.620980
-0.610959
-0.601031
-0.591098
-0.581116
-0.571224
-0.561332
-0.551398
-0.541559
-0.531656
-0.521864
-0.512078
-0.502264
-0.492557
-0.482865
-0.473151
-0.463552
-0.453907
-0.444394
-0.434902
-0.425403
-0.416031
-0.406685
-0.397340
-0.388125
-0.378879
-0.369780
-0.360715
-0.351661
-0.342743
-0.333864
-0.325011
-0.316264
-0.307532
-0.298937
-0.290390
-0.281861
-0.273473
-0.265130
-0.256823
-0.248624
-0.240449
-0.232411
-0.224426
-0.216467
-0.208645
-0.200876
-0.193146
-0.185519
-0.177925
-0.170466
-0.163058
-0.155682
-0.148440
-0.141252
-0.134107
-0.127063
-0.120054
-0.113178
-0.106352
-0.099564
-0.092906
-0.086254
-0.079742
-0.073281
-0.066861
-0.060569
-0.054329
-0.048130
-0.042060
-0.035999
-0.030075
-0.024205
-0.018379
-0.012678
-0.007031
-0.001430
0.004045
0.009503
0.014827
0.020094
0.025310
0.030402
0.035437
0.040418
0.045287
0.050109
0.054807
0.059448
0.064028
0.068486
0.072885
0.077211
0.081447
0.085619
0.089670
0.093660
0.097585
0.101390
0.105134
0.108800
0.112377
0.115885
0.119275
0.122601
0.125855
0.128992
0.132064
0.135053
0.137954
0.140781
0.143496
0.146142
0.148712
0.151171
0.153577
0.155865
0.158083
0.160222
0.162254
0.164214
0.166094
0.167868
0.169583
0.171186
0.172718
0.174167
0.175515
0.176790
0.177982
0.179074
0.180100
0.181024
0.181874
0.182641
0.183315
0.183916
0.184434
0.184864
0.185223
0.185494
0.185692
0.185810
0.185848
0.185816
0.185704
0.185524
0.185268
0.184943
0.184550
0.184087
0.183560
0.182969
0.182312
0.181596
0.180815
0.179983
0.179091
0.178140
0.177143
0.176091
0.174986
0.173837
0.172636
0.171402
0.170121
0.168794
0.167441
0.166036
0.164613
0.163151
0.161652
0.160140
0.158594
0.157016
0.155432
0.153808
0.152185
0.150538
0.148868
0.147201
0.145514
0.143809
0.142112
0.140387
0.138677
0.136954
0.135222
0.133505
0.131778
0.130046
0.128334
0.126605
0.124903
0.123198
0.121494
0.119816
0.118139
0.116472
0.114819
0.113173
0.111558
0.109947
0.108347
0.106780
0.105219
0.103675
0.102151
0.100639
0.099162
0.097695
0.096242
0.094824
0.093417
0.092030
0.090665
0.089316
0.088001
0.086699
0.085414
0.084163
0.082925
0.081709
0.080515
0.079338
0.078196
0.077068
0.075958
0.074882
0.073815
0.072783
0.071768
0.070772
0.069808
0.068862
0.067934
0.067039
0.066155
0.065305
0.064472
0.063658
0.062875
0.062109
0.061361
0.060643
0.059937
0.059261
0.058602
0.057961
0.057347
0.056748
0.056167
0.055609
0.055065
0.054545
0.054039
0.053547
0.053077
0.052620
0.052177
0.051750
0.051336
0.050938
0.050551
0.050175
0.049814
0.049461
0.049118
0.048785
0.048459
0.048144
0.047834
0.047530
0.047234
0.046943
0.046655
0.046372
0.046092
0.045819
0.045547
0.045277
0.045013
0.044749
0.044491
0.044234
0.043979
0.043730
0.043482
0.043236
0.042994
0.042753
0.042518
0.042284
0.042052
0.041824
0.041599
0.041376
0.041157
0.040939
0.040726
0.040516
0.040308
0.040104
0.039903
0.039704
0.039509
0.039316
0.039127
0.038941
0.038756
0.038576
0.038397
0.038220
0.038047
0.037874
0.037705
0.037538
0.037370
0.037206
0.037042
0.036878
0.036716
0.036553
0.036392
0.036230
0.036068
0.035906
0.035744
0.035581
0.035418
0.035254
0.035091
0.034928
0.034763
0.034600
0.034436
0.034271
0.034108
0.033944
0.033782
0.033621
0.033459
0.033300
0.033140
0.032984
0.032828
0.032674
0.032522
0.032371
0.032221
0.032074
0.031928
0.031784
0.031642
0.031500
0.031360
0.031221
0.031083
0.030947
0.030812
0.030678
0.030546
0.030414
0.030285
0.030154
0.030021
0.029890
0.029761
0.029636
0.029512
0.029387
0.029264
0.029142
0.029018
0.028896
0.028772
0.028649
0.028525
0.028399
0.028273
0.028147
0.028018
0.027890
0.027758
0.027627
0.027495
0.027361
0.027227
0.027092
0.026954
0.026817
0.026678
0.026538
0.026399
0.026256
0.026114
0.025973
0.025832
0.025690
0.025547
0.025404
0.025260
0.025115
0.024969
0.024822
0.024675
0.024527
0.024378
0.024228
0.024076
0.023923
0.023733
0.023559
0.023398
0.023236
0.023069
0.022904
0.022737
0.022565
0.022394
0.022219
0.022053
0.021888
0.021720
0.021544
0.021364
0.021160
0.020959
0.020770
0.020581
0.020391
0.020195
0.019999
0.019801
0.019598
0.019394
0.019186
0.018976
0.018765
0.018548
0.018331
0.018112
0.017889
0.017665
0.017438
0.017211
0.016982
0.016749
0.016516
0.016280
0.016044
0.015805
0.015563
0.015320
0.015075
0.014826
0.014577
0.014324
0.014071
0.013817
0.013559
0.013301
0.013043
0.012781
0.012521
0.012258
0.011997
0.011735
0.011471
0.011209
0.010946
0.010680
0.010416
0.010149
0.009882
0.009614
0.009342
0.009071
0.008799
0.008522
0.008246
0.007967
0.007689
0.007410
0.007129
0.006850
0.006571
0.006292
0.006016
0.005741
0.005470
0.005202
0.004936
0.004675
0.004418
0.004164
0.003915
0.003669
0.003429
0.003192
0.002958
0.002728
0.002501
0.002277
0.002055
0.001835
0.001616
0.001399
0.001180
0.000961
0.000740
0.000517
0.000291
0.000060
-0.000175
-0.000417
-0.000667
-0.000924
-0.001192
-0.001469
-0.001757
-0.002062
-0.002377
-0.002708
-0.003057
-0.003420
-0.003803
-0.004201
-0.004615
-0.005053
-0.005506
-0.005975
-0.006470
-0.006976
-0.007509
-0.008054
-0.008616
-0.009204
-0.009804
-0.010418
-0.011058
-0.011704
-0.012374
-0.013051
-0.013736
-0.014444
-0.015153
-0.015916
-0.016681
-0.017457
-0.018232
-0.019017
-0.019790
-0.020573
-0.021314
-0.022053
-0.022784
-0.023510
-0.024226
-0.024932
-0.025630
-0.026314
-0.026987
-0.027644
-0.028288
-0.028914
-0.029525
-0.030120
-0.030706
-0.031259
-0.031757
-0.032243
-0.032716
-0.033168
-0.033597
-0.034004
-0.034388
-0.034749
-0.035086
-0.035399
-0.035689
-0.035955
-0.036197
-0.036415
-0.036609
-0.036780
-0.036928
-0.037052
-0.037153
-0.037234
-0.037294
-0.037333
-0.037353
-0.037351
-0.037331
-0.037289
-0.037228
-0.037148
-0.037047
-0.036926
-0.036785
-0.036623
-0.036441
-0.036237
-0.036012
-0.035766
-0.035488
-0.035186
-0.034861
-0.034510
-0.034135
-0.033734
-0.033306
-0.032850
-0.032366
-0.031809
-0.031152
-0.030376
-0.029540
-0.028766
-0.027959
-0.027050
-0.026202
-0.025324
-0.024412
-0.023539
-0.022629
-0.021685
-0.020709
-0.019678
-0.018594
-0.017472
-0.016313
-0.015116
-0.013882
-0.012611
-0.011302
-0.009956
-0.008572
-0.007151
-0.005693
-0.004198
-0.002666
-0.001125
0.000433
0.002020
0.003648
0.005305
0.007003
0.008736
0.010499
0.012303
0.014143
0.016013
0.017924
0.019864
0.021847
0.023906
0.026020
0.028171
0.030359
0.032585
0.035873
0.039329
0.042403
0.046235
0.048234
0.050232
0.052370
0.054732
0.057124
0.059456
0.061586
0.063768
0.065984
0.068705
0.071512
0.075311
0.079399
0.083030
0.086696
0.090644
0.093802
0.096967
0.100158
0.103392
0.106650
0.109950
0.113279
0.116633
0.120022
0.123440
0.126876
0.130346
0.133831
0.137348
0.140884
0.144434
0.148010
0.151593
0.155201
0.158821
0.162447
0.166090
0.169743
0.173396
0.177064
0.180728
0.184403
0.188079
0.191749
0.195423
0.199094
0.202753
0.206411
0.210053
0.213689
0.217313
0.220915
0.224506
0.228076
0.231621
0.235147
0.238643
0.242115
0.245559
0.248966
0.252344
0.255686
0.258989
0.262255
0.265478
0.268662
0.271801
0.274894
0.277940
0.280938
0.283884
0.286780
0.289621
0.292409
0.295140
0.297814
0.300428
0.302981
0.305473
0.307901
0.310264
0.312560
0.314787
0.316947
0.319033
0.321048
0.322992
0.324859
0.326654
0.328369
0.330007
0.331571
0.333053
0.334460
0.335781
0.337022
0.338188
0.339266
0.340260
0.341177
0.342003
0.342750
0.343404
0.343969
0.344454
0.344842
0.345140
0.345355
0.345470
0.345503
0.345432
0.345269
0.345021
0.344668
0.344219
0.343685
0.343044
0.342316
0.341479
0.340543
0.339519
0.338383
0.337145
0.335818
0.334375
0.332842
0.331191
0.329433
0.327583
0.325612
0.323614
0.321494
0.319279
0.316941
0.314478
0.311847
0.309101
0.306241
0.303266
0.300175
0.296967
0.293642
0.290199
0.286639
0.282960
0.279163
0.275247
0.271212
0.267058
0.262785
0.258393
0.253883
0.249254
0.244508
0.239644
0.234663
0.229565
0.224352
0.219023
0.213579
0.208022
0.202351
0.196570
0.190677
0.184674
0.178563
0.172344
0.166019
0.159589
0.153055
0.146420
0.139682
0.132846
0.125912
0.118881
0.111756
0.104521
0.097151
0.089691
0.082147
0.074517
0.066807
0.059015
0.051147
0.043201
0.035184
0.027094
0.018937
0.010711
0.002424
-0.005928
-0.014337
-0.022799
-0.031317
-0.039882
-0.048496
-0.057151
-0.065850
-0.074367
-0.082823
-0.091342
-0.100101
-0.108960
-0.117847
-0.126755
-0.135686
-0.144634
-0.153596
-0.162571
-0.171553
-0.180543
-0.189535
-0.198529
-0.207519
-0.216505
-0.225480
-0.234447
-0.243397
-0.252332
-0.261244
-0.270136
-0.278999
-0.287836
-0.296642
-0.305411
-0.314145
-0.322837
-0.331489
-0.340093
-0.348652
-0.357159
-0.365615
-0.373998
-0.382311
-0.390557
-0.398737
-0.406845
-0.414882
-0.422843
-0.430727
-0.438533
-0.446256
-0.453897
-0.461451
-0.468919
-0.476951
-0.484306
-0.491579
-0.498750
-0.506216
-0.512940
-0.519703
-0.526481
-0.533112
-0.539624
-0.546026
-0.552256
-0.558372
-0.564352
-0.570230
-0.575984
-0.581617
-0.587123
-0.592940
-0.599048
-0.604860
-0.610053
-0.615100
-0.620016
-0.624783
-0.629271
-0.633622
-0.637836
-0.641891
-0.645827
-0.649621
-0.653277
-0.656791
-0.660146
-0.663378
-0.666586
-0.669728
-0.672730
-0.675590
-0.678309
-0.680884
-0.683319
-0.685610
-0.687758
-0.689764
-0.691627
-0.693347
-0.694924
-0.696359
-0.697651
-0.698802
-0.699811
-0.700679
-0.701406
-0.701993
-0.702441
-0.702750
-0.702922
-0.702957
-0.702856
-0.702621
-0.702252
-0.701751
-0.701119
-0.700358
-0.699470
-0.698455
-0.697315
-0.696053
-0.694669
-0.693165
-0.691543
-0.689803
-0.687949
-0.685981
-0.683900
-0.681707
-0.679405
-0.676993
-0.674473
-0.671847
-0.669114
-0.666277
-0.663335
-0.660291
-0.657144
-0.653897
-0.650549
-0.647100
-0.643553
-0.639908
-0.636164
-0.632324
-0.628386
-0.624352
-0.620221
-0.615994
-0.611672
-0.607255
-0.602743
-0.598137
-0.593437
-0.588644
-0.583757
-0.578778
-0.573707
-0.568545
-0.563294
-0.557954
-0.552528
-0.547015
-0.541420
-0.535741
-0.529983
-0.524145
-0.518231
-0.512242
-0.506181
-0.500048
-0.493847
-0.487579
-0.481247
-0.474854
-0.468400
-0.461892
-0.455329
-0.448716
-0.442054
-0.435349
-0.428601
-0.421815
-0.414992
-0.408141
-0.401260
-0.394353
-0.387421
-0.380607
-0.373812
-0.367023
-0.360230
-0.353445
-0.346505
-0.339506
-0.332435
-0.325355
-0.318271
-0.311182
-0.304095
-0.297008
-0.289927
-0.282850
-0.275784
-0.268728
-0.261686
-0.254660
-0.247651
-0.240662
-0.233767
-0.226929
-0.220118
-0.213338
-0.206587
-0.199870
-0.193186
-0.186539
-0.179949
-0.173524
-0.167128
-0.160788
-0.154478
-0.148224
-0.142006
-0.135842
-0.129718
-0.123653
-0.117627
-0.111649
-0.105640
-0.099617
-0.093648
-0.087730
-0.081867
-0.076059
-0.070308
-0.064615
-0.058981
-0.053409
-0.047898
-0.042452
-0.037069
-0.031754
-0.026505
-0.021327
-0.016215
-0.011154
-0.006165
-0.001251
0.003588
0.008349
0.013033
0.017637
0.022163
0.026608
0.030970
0.035251
0.039449
0.043566
0.047599
0.051551
0.055418
0.059205
0.062907
0.066528
0.070066
0.073522
0.076895
0.080188
0.083398
0.086526
0.089574
0.092541
0.095427
0.098234
0.100961
0.103609
0.106179
0.108670
0.111085
0.113421
0.115682
0.117865
0.119973
0.122006
0.123963
0.125847
0.127655
0.129391
0.131053
0.132659
0.134176
0.135636
0.137009
0.138326
0.139559
0.140734
0.141827
0.142863
0.143820
0.144719
0.145541
0.146305
0.146994
0.147626
0.148185
0.148686
0.149118
0.149488
0.149757
0.149974
0.150146
0.150268
0.150334
0.150351
0.150311
0.150215
0.150066
0.149856
0.149585
0.149252
0.148856
0.148422
0.147940
0.147412
0.146835
0.146216
0.145555
0.144852
0.144109
0.143274
0.142404
0.141491
0.140538
0.139546
0.138507
0.137441
0.136406
0.135387
0.134343
0.133276
0.132185
0.131074
0.129942
0.128792
0.127625
0.126442
0.125245
0.124035
0.122814
0.121584
0.120345
0.119100
0.117850
0.116596
0.115340
0.114083
0.112826
0.111571
0.110318
0.109070
0.107827
0.106590
0.105361
0.104140
0.102928
0.101727
0.100537
0.099359
0.098195
0.097045
0.095910
0.094791
0.093689
0.092605
0.091539
0.090493
0.089466
0.088461
0.087477
0.086514
0.085575
0.084658
0.083765
0.082895
0.082050
0.081228
0.080432
0.079659
0.078911
0.078187
0.077486
0.076810
0.076156
0.075524
0.074914
0.074326
0.073758
0.073211
0.072683
0.072175
0.071685
0.071213
0.070760
0.070323
0.069904
0.069499
0.069110
0.068737
0.068378
0.068032
0.067700
0.067379
0.067070
0.066771
0.066481
0.066199
0.065925
0.065658
0.065398
0.065143
0.064893
0.064647
0.064406
0.064168
0.063933
0.063701
0.063471
0.063244
0.063019
0.062795
0.062573
0.062352
0.062132
0.061913
0.061694
0.061476
0.061258
0.060989
0.060731
0.060474
0.060213
0.059939
0.059688
0.059483
0.059276
0.059069
0.058860
0.058650
0.058434
0.058216
0.057996
0.057774
0.057551
0.057327
0.057101
0.056877
0.056653
0.056428
0.056200
0.055971
0.055740
0.055507
0.055270
0.054989
0.054703
0.054412
0.054121
0.053824
0.053526
0.053227
0.052927
0.052622
0.052315
0.052003
0.051688
0.051365
0.051042
0.050716
0.050385
0.050066
0.049758
0.049449
0.049138
0.048825
0.048512
0.048203
0.047893
0.047583
0.047271
0.046957
0.046643
0.046327
0.046009
0.045691
0.045370
0.045048
0.044724
0.044398
0.044071
0.043741
0.043409
0.043075
0.042740
0.042403
0.042065
0.041726
0.041385
0.041044
0.040702
0.040359
0.040016
0.039672
0.039327
0.038983
0.038637
0.038292
0.037946
0.037601
0.037255
0.036909
0.036564
0.036218
0.035873
0.035529
0.035186
0.034843
0.034500
0.034159
0.033819
0.033480
0.033142
0.032806
0.032471
0.032138
0.031807
0.031477
0.031150
0.030825
0.030502
0.030182
0.029864
0.029549
0.029238
0.028930
0.028626
0.028326
0.028029
0.027737
0.027449
0.027165
0.026886
0.026610
0.026338
0.026070
0.025806
0.025546
0.025290
0.025039
0.024753
0.024472
0.024196
0.023929
0.023675
0.023436
0.023210
0.023001
0.022816
0.022649
0.022496
0.022355
0.022228
0.022117
0.022023
0.021945
0.021884
0.021843
0.021822
0.021822
0.021843
0.021886
0.021976
0.022114
0.022282
0.022486
0.022721
0.022995
0.023303
0.023653
0.024040
0.024437
0.024871
0.025344
0.025860
0.026419
0.027022
0.027671
0.028367
0.029110
0.029900
0.030734
0.031603
0.032519
0.033482
0.034492
0.035548
0.036650
0.037797
0.038988
0.040221
0.041495
0.042808
0.044159
0.045546
0.046967
0.048421
0.049907
0.051422
0.052965
0.054534
0.056127
0.057742
0.059376
0.061028
0.062694
0.064372
0.066058
0.067749
0.069442
0.071134
0.072820
0.074498
0.076164
0.077814
0.079445
0.081053
0.082634
0.084186
0.085704
0.087186
0.088629
0.090030
0.091386
0.092695
0.093955
0.095161
0.096313
0.097406
0.098448
0.099429
0.100341
0.101183
0.101949
0.102638
0.103247
0.103772
0.104210
0.104558
0.104814
0.104974
0.105035
0.104995
0.104850
0.104599
0.104239
0.103767
0.103182
0.102482
0.101664
0.100729
0.099673
0.098496
0.097182
0.095288
0.093188
0.091546
0.089798
0.087926
0.085939
0.083834
0.081610
0.079268
0.076804
0.074218
0.071511
0.068679
0.065650
0.062409
0.059422
0.056114
0.052652
0.049061
0.045342
0.040649
0.036211
0.031736
0.027114
0.022351
0.017444
0.012396
0.007211
0.001887
-0.003575
-0.009169
-0.014899
-0.020531
-0.026224
-0.032041
-0.037978
-0.044035
-0.050211
-0.056502
-0.062910
-0.069435
-0.076073
-0.082825
-0.089688
-0.096661
-0.103746
-0.110940
-0.118240
-0.125649
-0.133163
-0.140782
-0.148503
-0.156327
-0.164251
-0.172271
-0.180387
-0.188599
-0.196903
-0.205296
-0.214452
-0.223103
-0.231840
-0.240651
-0.249895
-0.258785
-0.267722
-0.276810
-0.286027
-0.295301
-0.304625
-0.314003
-0.323424
-0.332893
-0.342400
-0.351947
-0.361528
-0.371143
-0.380784
-0.390455
-0.400148
-0.409859
-0.419587
-0.429331
-0.439084
-0.448846
-0.458613
-0.468344
-0.477994
-0.487641
-0.497286
-0.506939
-0.516563
-0.526173
-0.535767
-0.545338
-0.554886
-0.564402
-0.573898
-0.583345
-0.592751
-0.602112
-0.611434
-0.620710
-0.630195
-0.639927
-0.649262
-0.658250
-0.667152
-0.675968
-0.684695
-0.693327
-0.701858
-0.710289
-0.718612
-0.726827
-0.734928
-0.742914
-0.750781
-0.758522
-0.766137
-0.773623
-0.780975
-0.788189
-0.795262
-0.802189
-0.808969
-0.815594
-0.822063
-0.828370
-0.834514
-0.840487
-0.846288
-0.851912
-0.857355
-0.862614
-0.867683
-0.872562
-0.877541
-0.882356
-0.887019
-0.891497
-0.895817
-0.899945
-0.903876
-0.907275
-0.910457
-0.913419
-0.916155
-0.918665
-0.920944
-0.922988
-0.924796
-0.926362
-0.927685
-0.928760
-0.929585
-0.930157
-0.930473
-0.930783
-0.930213
-0.929287
-0.928069
-0.926484
-0.924609
-0.922357
-0.920198
-0.918094
-0.915663
-0.912941
-0.909893
-0.906470
-0.902681
-0.898596
-0.894230
-0.889580
-0.884647
-0.879432
-0.873929
-0.868144
-0.862074
-0.855721
-0.849087
-0.842167
-0.834967
-0.827487
-0.819728
-0.811694
-0.803380
-0.794795
-0.785938
-0.776812
-0.767419
-0.757762
-0.747842
-0.737665
-0.727230
-0.716543
-0.705604
-0.694419
-0.682992
-0.671322
-0.659416
-0.647277
-0.634906
-0.622313
-0.609496
-0.596462
-0.583213
-0.569847
-0.556314
-0.542579
-0.528649
-0.514525
-0.500206
-0.485705
-0.471017
-0.456160
-0.441123
-0.425926
-0.410564
-0.395040
-0.379364
-0.363543
-0.347575
-0.331472
-0.315229
-0.298861
-0.282366
-0.265755
-0.249025
-0.232184
-0.215244
-0.198205
-0.181066
-0.163842
-0.146528
-0.129139
-0.111671
-0.094137
-0.076539
-0.058877
-0.041160
-0.023399
-0.005589
0.012256
0.030139
0.048047
0.065984
0.083935
0.102445
0.129855
0.156495
0.183736
0.200486
0.217077
0.233795
0.250506
0.267214
0.283912
0.300590
0.317118
0.333559
0.349925
0.366203
0.382406
0.398508
0.414700
0.430848
0.447054
0.463206
0.479299
0.500794
0.523401
0.546027
0.566668
0.584318
0.601171
0.616932
0.632576
0.648092
0.663481
0.678740
0.693861
0.708842
0.723677
0.738367
0.752902
0.767170
0.780567
0.793758
0.806790
0.819578
0.832157
0.844525
0.857178
0.870048
0.882730
0.895216
0.907503
0.919588
0.931466
0.942771
0.953259
0.963464
0.973432
0.983160
0.992692
1.002079
1.012763
1.023224
1.038995
1.049011
1.064025
1.074726
1.082982
1.090971
1.098696
1.104770
1.109131
1.114224
1.120191
1.126330
1.132297
1.138140
1.143706
1.148996
1.154005
1.158734
1.163161
1.167323
1.171200
1.174790
1.178092
1.181108
1.183834
1.186240
1.188385
1.190239
1.191803
1.193075
1.194057
1.194709
1.195108
1.195053
1.194596
1.193858
1.192842
1.191550
1.190007
1.188163
1.186048
1.183662
1.181023
1.178125
1.175193
1.168608
1.163830
1.157451
1.152397
1.147446
1.142234
1.136765
1.131045
1.124908
1.117641
1.110233
1.103841
1.097365
1.090632
1.083645
1.076411
1.068899
1.060894
1.052687
1.044281
1.035682
1.026893
1.017919
1.008001
0.998367
0.988936
0.979340
0.969583
0.959669
0.949604
0.939392
0.929036
0.918541
0.907912
0.897153
0.886268
0.875261
0.864135
0.852896
0.841547
0.830092
0.818534
0.806878
0.795127
0.783284
0.771355
0.759341
0.747248
0.735078
0.722835
0.710522
0.698144
0.685702
0.673197
0.660639
0.647926
0.635117
0.622260
0.609327
0.596354
0.583316
0.570244
0.557114
0.543952
0.530739
0.517509
0.504338
0.491261
0.478188
0.465114
0.452040
0.438969
0.425909
0.412856
0.399821
0.386806
0.373816
0.360856
0.347925
0.335031
0.322179
0.309370
0.296612
0.283902
0.271249
0.258655
0.246124
0.233660
0.221266
0.208946
0.196706
0.184547
0.172476
0.160495
0.148609
0.136827
0.125145
0.113571
0.102110
0.090762
0.079537
0.068431
0.057452
0.046600
0.035878
0.025292
0.014840
0.004528
-0.005643
-0.015674
-0.025557
-0.035295
-0.044884
-0.054324
-0.063612
-0.072742
-0.081718
-0.090535
-0.099190
-0.107683
-0.116007
-0.124166
-0.132154
-0.139971
-0.147615
-0.155084
-0.162377
-0.169491
-0.176426
-0.183181
-0.189756
-0.196149
-0.202360
-0.208389
-0.214235
-0.219898
-0.225380
-0.230680
-0.235797
-0.240732
-0.245486
-0.250059
-0.254451
-0.258662
-0.262692
-0.266606
-0.270396
-0.273837
-0.277088
-0.281198
-0.284002
-0.286634
-0.289105
-0.291417
-0.293562
-0.295550
-0.297376
-0.299049
-0.300613
-0.302042
-0.303302
-0.304413
-0.305363
-0.306165
-0.306822
-0.307318
-0.307681
-0.307893
-0.307973
-0.307927
-0.307779
-0.307448
-0.306941
-0.306304
-0.305551
-0.304689
-0.303713
-0.302632
-0.301454
-0.300171
-0.298799
-0.297330
-0.295709
-0.293994
-0.292194
-0.290146
-0.287999
-0.285736
-0.283382
-0.280990
-0.278727
-0.276401
-0.274023
-0.271606
-0.269055
-0.266258
-0.263412
-0.260551
-0.257626
-0.254858
-0.252197
-0.249531
-0.246870
-0.244443
-0.242010
-0.239796
-0.237803
-0.235137
-0.232240
-0.230260
-0.228288
-0.225651
-0.221660
-0.218440
-0.215389
-0.212083
-0.209463
-0.207066
-0.204696
-0.202356
-0.200045
-0.197767
-0.195521
-0.193308
-0.191131
-0.188990
-0.186886
-0.184820
-0.182792
-0.180803
-0.178854
-0.176946
-0.175079
-0.173253
-0.171471
-0.169731
-0.168034
-0.166381
-0.164772
-0.163208
-0.161687
-0.160211
-0.158779
-0.157392
-0.156047
-0.154746
-0.153487
-0.152269
-0.151093
-0.149957
-0.148859
-0.147774
-0.146523
-0.145337
-0.144396
-0.143510
-0.142657
-0.141835
-0.140852
-0.139903
-0.138856
-0.137969
-0.137343
-0.136775
-0.136266
-0.135771
-0.135289
-0.134806
-0.134322
-0.133859
-0.133415
-0.132999
-0.132599
-0.131904
-0.131238
-0.130737
-0.130341
-0.129954
-0.129575
-0.129201
-0.128833
-0.128468
-0.128106
-0.127745
-0.127385
-0.127025
-0.126664
-0.126303
-0.125940
-0.125576
-0.125210
-0.124842
-0.124472
-0.124100
-0.123726
-0.123349
-0.122970
-0.122586
-0.122199
-0.121811
-0.121420
-0.121028
-0.120632
-0.120235
-0.119836
-0.119434
-0.119029
-0.118622
-0.118213
-0.117801
-0.117387
-0.116971
-0.116555
-0.116137
-0.115719
-0.115301
-0.114883
-0.114465
-0.114048
-0.113632
-0.113218
-0.112804
-0.112392
-0.111981
-0.111572
-0.111164
-0.110758
-0.110353
-0.109950
-0.109548
-0.109148
-0.108749
-0.108352
-0.107957
-0.107564
-0.107172
-0.106782
-0.106395
-0.106009
-0.105626
-0.105249
-0.104874
-0.104498
-0.104125
-0.103754
-0.103387
-0.103023
-0.102661
-0.102303
-0.101947
-0.101595
-0.101245
-0.100898
-0.100554
-0.100212
-0.099873
-0.099536
-0.099202
-0.098869
-0.098538
-0.098209
-0.097881
-0.097555
-0.097230
-0.096906
-0.096584
-0.096262
-0.095942
-0.095623
-0.095305
-0.094987
-0.094671
-0.094355
-0.094041
-0.093728
-0.093416
-0.093105
-0.092795
-0.092485
-0.092168
-0.091851
-0.091532
-0.091217
-0.090899
-0.090584
-0.090266
-0.089950
-0.089632
-0.089316
-0.088997
-0.088681
-0.088361
-0.088044
-0.087727
-0.087407
-0.087090
-0.086770
-0.086453
-0.086134
-0.085818
-0.085500
-0.085185
-0.084868
-0.084555
-0.084240
-0.083929
-0.083620
-0.083310
-0.083004
-0.082698
-0.082397
-0.082096
-0.081800
-0.081505
-0.081214
-0.080924
-0.080639
-0.080354
-0.080075
-0.079798
-0.079523
-0.079253
-0.078983
-0.078719
-0.078456
-0.078198
-0.077941
-0.077689
-0.077439
-0.077193
-0.076955
-0.076718
-0.076484
-0.076252
-0.076021
-0.075792
-0.075565
-0.075339
-0.075114
-0.074890
-0.074667
-0.074444
-0.074223
-0.074002
-0.073781
-0.073561
-0.073341
-0.073121
-0.072901
-0.072682
-0.072462
-0.072242
-0.072021
-0.071800
-0.071578
-0.071356
-0.071133
-0.070910
-0.070686
-0.070463
-0.070239
-0.070015
-0.069792
-0.069568
-0.069346
-0.069125
-0.068904
-0.068684
-0.068465
-0.068247
-0.068031
-0.067816
-0.067603
-0.067392
-0.067183
-0.066976
-0.066771
-0.066568
-0.066368
-0.066170
-0.065973
-0.065780
-0.065588
-0.065398
-0.065211
-0.065025
-0.064842
-0.064660
-0.064481
-0.064303
-0.064127
-0.063953
-0.063782
-0.063612
-0.063444
-0.063278
-0.063114
-0.062953
-0.062793
-0.062635
-0.062479
-0.062326
-0.062174
-0.062025
-0.061878
-0.061733
-0.061590
-0.061449
-0.061310
-0.061170
-0.061031
-0.060897
-0.060765
-0.060634
-0.060506
-0.060379
-0.060254
-0.060130
-0.060010
-0.059893
-0.059778
-0.059664
-0.059553
-0.059444
-0.059318
-0.059205
-0.059098
-0.058993
-0.058890
-0.058790
-0.058692
-0.058597
-0.058505
-0.058416
-0.058330
-0.058246
-0.058166
-0.058089
-0.058015
-0.057944
-0.057877
-0.057812
-0.057752
-0.057694
-0.057640
-0.057590
-0.057533
-0.057482
-0.057435
-0.057399
-0.057368
-0.057343
-0.057324
-0.057304
-0.057288
-0.057279
-0.057276
-0.057279
-0.057286
-0.057297
-0.057311
-0.057329
-0.057350
-0.057374
-0.057402
-0.057433
-0.057466
-0.057504
-0.057569
-0.057638
-0.057709
-0.057782
-0.057857
-0.057933
-0.058010
-0.058086
-0.058162
-0.058238
-0.058312
-0.058385
-0.058455
-0.058524
-0.058591
-0.058655
-0.058717
-0.058776
-0.058832
-0.058885
-0.058936
-0.058984
-0.059029
-0.059090
-0.059145
-0.059193
-0.059223
-0.059249
-0.059273
-0.059295
-0.059313
-0.059329
-0.059343
-0.059354
-0.059362
-0.059369
-0.059372
-0.059374
-0.059373
-0.059370
-0.059365
-0.059358
-0.059349
-0.059338
-0.059325
-0.059310
-0.059293
-0.059274
-0.059253
-0.059231
-0.059207
-0.059181
-0.059153
-0.059123
-0.059091
-0.059056
-0.059021
-0.058983
-0.058945
-0.058904
-0.058862
-0.058818
-0.058774
-0.058727
-0.058679
-0.058630
-0.058579
-0.058528
-0.058474
-0.058420
-0.058364
-0.058306
-0.058248
-0.058188
-0.058127
-0.058065
-0.058002
-0.057938
-0.057872
-0.057806
-0.057738
-0.057669
-0.057599
-0.057528
-0.057456
-0.057383
-0.057309
-0.057233
-0.057158
-0.057080
-0.057002
-0.056923
-0.056843
-0.056762
-0.056680
-0.056597
-0.056513
-0.056428
-0.056342
-0.056256
-0.056168
-0.056080
-0.055990
-0.055900
-0.055808
-0.055717
-0.055624
-0.055530
-0.055436
-0.055340
-0.055244
-0.055147
-0.055050
-0.054952
-0.054854
-0.054756
-0.054656
-0.054556
-0.054455
-0.054353
-0.054250
-0.054146
-0.054042
-0.053937
-0.053831
-0.053724
-0.053616
-0.053508
-0.053398
-0.053288
-0.053177
-0.053065
-0.052953
-0.052839
-0.052725
-0.052610
-0.052494
-0.052377
-0.052259
-0.052140
-0.052021
-0.051901
-0.051779
-0.051657
-0.051534
-0.051410
-0.051285
-0.051159
-0.051033
-0.050905
-0.050777
-0.050647
-0.050517
-0.050386
-0.050254
-0.050120
-0.049986
-0.049851
-0.049715
-0.049578
-0.049440
-0.049302
-0.049162
-0.049021
-0.048879
-0.048736
-0.048593
-0.048448
-0.048302
-0.048155
-0.048007
-0.047858
-0.047708
-0.047557
-0.047405
-0.047252
-0.047098
-0.046943
-0.046787
-0.046629
-0.046471
-0.046312
-0.046151
-0.045989
-0.045827
-0.045663
-0.045498
-0.045331
-0.045164
-0.044996
-0.044826
-0.044655
-0.044483
-0.044310
-0.044136
-0.043961
-0.043784
-0.043606
-0.043427
-0.043247
-0.043066
-0.042883
-0.042699
-0.042514
-0.042328
-0.042140
-0.041951
-0.041761
-0.041570
-0.041377
-0.041183
-0.040987
-0.040791
-0.040593
-0.040393
-0.040193
-0.039991
-0.039787
-0.039583
-0.039377
-0.039169
-0.038960
-0.038750
-0.038539
-0.038325
-0.038111
-0.037895
-0.037678
-0.037459
-0.037239
-0.037017
-0.036794
-0.036570
-0.036344
-0.036116
-0.035887
-0.035657
-0.035425
-0.035191
-0.034957
-0.034720
-0.034483
-0.034243
-0.034003
-0.033760
-0.033517
-0.033271
-0.033025
-0.032776
-0.032527