   -0.0133
   -0.0122
   -0.0111
   -0.0100
   -0.0090
   -0.0080
   -0.0070
   -0.0061
   -0.0052
   -0.0043
   -0.0035
   -0.0027
   -0.0020
   -0.0012
   -0.0006
    0.0001
    0.0007
    0.0013
    0.0018
    0.0023
    0.0028
    0.0032
    0.0036
    0.0040
    0.0043
    0.0047
    0.0050
    0.0052
    0.0054
    0.0057
    0.0058
    0.0060
    0.0061
    0.0061
    0.0061
    0.0060
    0.0057
    0.0054
    0.0051
    0.0048
    0.0045
    0.0041
    0.0038
    0.0035
    0.0031
    0.0027
    0.0023
    0.0019
    0.0014
    0.0010
    0.0005
    0.0001
   -0.0003
   -0.0007
   -0.0010
   -0.0014
   -0.0017
   -0.0021
   -0.0024
   -0.0027
   -0.0030
   -0.0032
   -0.0034
   -0.0036
   -0.0037
   -0.0038
   -0.0039
   -0.0039
   -0.0038
   -0.0037
   -0.0036
   -0.0036
   -0.0035
   -0.0034
   -0.0033
   -0.0032
   -0.0031
   -0.0030
   -0.0029
   -0.0027
   -0.0025
   -0.0023
   -0.0021
   -0.0018
   -0.0015
   -0.0012
   -0.0008
   -0.0004
    0.0000
    0.0005
    0.0009
    0.0014
    0.0018
    0.0022
    0.0025
    0.0028
    0.0030
    0.0032
    0.0034
    0.0035
    0.0035
    0.0036
    0.0036
    0.0037
    0.0037
    0.0038
    0.0038
    0.0039
    0.0039
    0.0040
    0.0039
    0.0039
    0.0037
    0.0036
    0.0033
    0.0030
    0.0026
    0.0021
    0.0017
    0.0012
    0.0007
    0.0002
   -0.0002
   -0.0007
   -0.0010
   -0.0013
   -0.0016
   -0.0017
   -0.0018
   -0.0018
   -0.0018
   -0.0017
   -0.0016
   -0.0014
   -0.0012
   -0.0009
   -0.0007
   -0.0004
   -0.0001
    0.0002
    0.0005
    0.0008
    0.0011
    0.0014
    0.0017
    0.0020
    0.0023
    0.0026
    0.0028
    0.0031
    0.0033
    0.0036
    0.0037
    0.0039
    0.0040
    0.0041
    0.0042
    0.0042
    0.0042
    0.0042
    0.0041
    0.0040
    0.0039
    0.0037
    0.0035
    0.0033
    0.0031
    0.0028
    0.0026
    0.0023
    0.0021
    0.0019
    0.0018
    0.0016
    0.0015
    0.0013
    0.0011
    0.0009
    0.0007
    0.0005
    0.0004
    0.0003
    0.0002
    0.0002
    0.0003
    0.0004
    0.0005
    0.0007
    0.0008
    0.0009
    0.0010
    0.0011
    0.0011
    0.0011
    0.0011
    0.0010
    0.0010
    0.0009
    0.0008
    0.0007
    0.0006
    0.0005
    0.0004
    0.0004
    0.0003
    0.0003
    0.0004
    0.0004
    0.0004
    0.0004
    0.0004
    0.0004
    0.0003
    0.0002
   -0.0000
   -0.0002
   -0.0004
   -0.0007
   -0.0009
   -0.0012
   -0.0014
   -0.0016
   -0.0018
   -0.0019
   -0.0020
   -0.0020
   -0.0020
   -0.0019
   -0.0018
   -0.0016
   -0.0014
   -0.0011
   -0.0009
   -0.0006
   -0.0004
   -0.0001
    0.0001
    0.0004
    0.0005
    0.0007
    0.0007
    0.0007
    0.0007
    0.0006
    0.0005
    0.0004
    0.0003
    0.0003
    0.0004
    0.0005
    0.0007
    0.0008
    0.0010
    0.0011
    0.0012
    0.0012
    0.0012
    0.0012
    0.0010
    0.0008
    0.0006
    0.0003
   -0.0001
   -0.0004
   -0.0008
   -0.0012
   -0.0016
   -0.0020
   -0.0023
   -0.0026
   -0.0028
   -0.0030
   -0.0032
   -0.0033
   -0.0033
   -0.0033
   -0.0033
   -0.0033
   -0.0032
   -0.0031
   -0.0030
   -0.0028
   -0.0026
   -0.0024
   -0.0021
   -0.0018
   -0.0014
   -0.0011
   -0.0007
   -0.0003
    0.0001
    0.0005
    0.0008
    0.0011
    0.0013
    0.0015
    0.0017
    0.0017
    0.0018
    0.0018
    0.0018
    0.0017
    0.0016
    0.0015
    0.0013
    0.0011
    0.0008
    0.0005
    0.0002
   -0.0002
   -0.0006
   -0.0010
   -0.0014
   -0.0017
   -0.0021
   -0.0024
   -0.0026
   -0.0027
   -0.0028
   -0.0028
   -0.0027
   -0.0025
   -0.0023
   -0.0020
   -0.0016
   -0.0012
   -0.0008
   -0.0004
    0.0000
    0.0004
    0.0009
    0.0013
    0.0016
    0.0018
    0.0017
    0.0013
    0.0004
   -0.0010
   -0.0030
   -0.0055
   -0.0085
   -0.0119
   -0.0157
   -0.0198
   -0.0239
   -0.0279
   -0.0318
   -0.0351
   -0.0376
   -0.0394
   -0.0406
   -0.0413
   -0.0414
   -0.0408
   -0.0395
   -0.0373
   -0.0343
   -0.0297
   -0.0228
   -0.0123
    0.0030
    0.0246
    0.0538
    0.0915
    0.1387
    0.1956
    0.2623
    0.3386
    0.4235
    0.5160
    0.6146
    0.7173
    0.8222
    0.9269
    1.0291
    1.1266
    1.2174
    1.2999
    1.3727
    1.4351
    1.4868
    1.5276
    1.5577
    1.5777
    1.5881
    1.5896
    1.5828
    1.5684
    1.5470
    1.5195
    1.4866
    1.4490
    1.4075
    1.3628
    1.3156
    1.2666
    1.2164
    1.1655
    1.1144
    1.0636
    1.0137
    0.9652
    0.9187
    0.8751
    0.8350
    0.7996
    0.7696
    0.7461
    0.7299
    0.7215
    0.7214
    0.7297
    0.7461
    0.7701
    0.8005
    0.8359
    0.8742
    0.9133
    0.9507
    0.9840
    1.0117
    1.0324
    1.0449
    1.0486
    1.0431
    1.0285
    1.0051
    0.9734
    0.9339
    0.8870
    0.8330
    0.7720
    0.7040
    0.6289
    0.5464
    0.4564
    0.3585
    0.2524
    0.1382
    0.0160
   -0.1137
   -0.2503
   -0.3929
   -0.5407
   -0.6925
   -0.8471
   -1.0033
   -1.1600
   -1.3159
   -1.4698
   -1.6208
   -1.7678
   -1.9101
   -2.0468
   -2.1771
   -2.3002
   -2.4152
   -2.5215
   -2.6181
   -2.7042
   -2.7791
   -2.8422
   -2.8929
   -2.9310
   -2.9563
   -2.9687
   -2.9683
   -2.9550
   -2.9290
   -2.8906
   -2.8401
   -2.7780
   -2.7049
   -2.6214
   -2.5285
   -2.4273
   -2.3189
   -2.2047
   -2.0862
   -1.9649
   -1.8426
   -1.7208
   -1.6011
   -1.4849
   -1.3735
   -1.2676
   -1.1676
   -1.0736
   -0.9852
   -0.9019
   -0.8234
   -0.7492
   -0.6791
   -0.6128
   -0.5503
   -0.4914
   -0.4359
   -0.3839
   -0.3355
   -0.2909
   -0.2503
   -0.2141
   -0.1821
   -0.1543
   -0.1305
   -0.1101
   -0.0928
   -0.0781
   -0.0656
   -0.0550
   -0.0462
   -0.0392
   -0.0340
   -0.0305
   -0.0288
   -0.0285
   -0.0294
   -0.0313
   -0.0340
   -0.0371
   -0.0406
   -0.0441
   -0.0474
   -0.0505
   -0.0531
   -0.0552
   -0.0568
   -0.0578
   -0.0581
   -0.0579
   -0.0573
   -0.0563
   -0.0553
   -0.0542
   -0.0531
   -0.0521
   -0.0512
   -0.0503
   -0.0495
   -0.0488
   -0.0481
   -0.0474
   -0.0467
   -0.0461
   -0.0455
   -0.0449
   -0.0443
   -0.0438
   -0.0433
   -0.0428
   -0.0424
   -0.0420
   -0.0417
   -0.0413
   -0.0408
   -0.0403
   -0.0398
   -0.0392
   -0.0385
   -0.0379
   -0.0372
   -0.0364
   -0.0357
   -0.0349
   -0.0341
   -0.0333
   -0.0326
   -0.0319
   -0.0313
   -0.0308
   -0.0303
   -0.0300
   -0.0297
   -0.0295
   -0.0293
   -0.0290
   -0.0284
   -0.0277
   -0.0270
   -0.0264
   -0.0261
   -0.0261
   -0.0266
   -0.0274
   -0.0286
   -0.0301
   -0.0318
   -0.0337
   -0.0356
   -0.0374
   -0.0390
   -0.0403
   -0.0414
   -0.0424
   -0.0433
   -0.0441
   -0.0449
   -0.0457
   -0.0464
   -0.0469
   -0.0472
   -0.0473
   -0.0471
   -0.0466
   -0.0456
   -0.0444
   -0.0429
   -0.0412
   -0.0394
   -0.0375
   -0.0357
   -0.0338
   -0.0320
   -0.0303
   -0.0288
   -0.0274
   -0.0263
   -0.0253
   -0.0245
   -0.0239
   -0.0233
   -0.0228
   -0.0223
   -0.0218
   -0.0213
   -0.0208
   -0.0203
   -0.0198
   -0.0193
   -0.0188
   -0.0183
   -0.0179
   -0.0175
   -0.0172
   -0.0169
   -0.0166
   -0.0163
   -0.0159
   -0.0155
   -0.0150
   -0.0142
   -0.0132
   -0.0119
   -0.0103
   -0.0087
   -0.0070
   -0.0055
   -0.0043
   -0.0032
   -0.0024
   -0.0015
   -0.0007
    0.0002
    0.0011
    0.0020
    0.0030
    0.0039
    0.0048
    0.0056
    0.0061
    0.0061
    0.0056
    0.0046
    0.0033
    0.0016
   -0.0003
   -0.0023
   -0.0043
   -0.0062
   -0.0081
   -0.0098
   -0.0112
   -0.0125
   -0.0136
   -0.0146
   -0.0154
   -0.0160
   -0.0164
   -0.0168
   -0.0171
   -0.0173
   -0.0176
   -0.0180
   -0.0184
   -0.0187
   -0.0191
   -0.0194
   -0.0196
   -0.0197
   -0.0198
   -0.0198
   -0.0198
   -0.0199
   -0.0198
   -0.0198
   -0.0197
   -0.0196
   -0.0194
   -0.0192
   -0.0189
   -0.0186
   -0.0182
   -0.0178
   -0.0173
   -0.0168
   -0.0163
   -0.0157
   -0.0150
   -0.0143
   -0.0136
   -0.0129
   -0.0123
   -0.0117
   -0.0111
   -0.0106
   -0.0101
   -0.0097
   -0.0092
   -0.0088
   -0.0085
   -0.0082
   -0.0079
   -0.0076
   -0.0074
   -0.0072
   -0.0070
   -0.0069
   -0.0068
   -0.0067
   -0.0067
   -0.0067
   -0.0066
   -0.0066
   -0.0066
   -0.0065
   -0.0064
   -0.0063
   -0.0062
   -0.0060
   -0.0059
   -0.0057
   -0.0055
   -0.0053
   -0.0051
   -0.0048
   -0.0046
   -0.0043
   -0.0039
   -0.0036
   -0.0032
   -0.0029
   -0.0025
   -0.0022
   -0.0019
   -0.0016
   -0.0015
   -0.0014
   -0.0014
   -0.0014
   -0.0016
   -0.0018
   -0.0021
   -0.0024
   -0.0028
   -0.0031
   -0.0035
   -0.0038
   -0.0042
   -0.0045
   -0.0048
   -0.0050
   -0.0052
   -0.0054
   -0.0056
   -0.0057
   -0.0058
   -0.0059
   -0.0061
   -0.0062
   -0.0063
   -0.0064
   -0.0064
   -0.0064
   -0.0063
   -0.0061
   -0.0058
   -0.0054
   -0.0050
   -0.0045
   -0.0039
   -0.0032
   -0.0025
   -0.0018
   -0.0010
   -0.0003
    0.0003
    0.0010
    0.0016
    0.0021
    0.0026
    0.0029
    0.0031
    0.0033
    0.0033
    0.0032
    0.0029
    0.0026
    0.0023
    0.0018
    0.0013
    0.0009
    0.0006
    0.0006
    0.0008
    0.0010
    0.0010
    0.0007
   -0.0001
   -0.0012
   -0.0028
   -0.0045
   -0.0064
   -0.0084
   -0.0102
   -0.0119
   -0.0132
   -0.0142
   -0.0148
   -0.0151
   -0.0152
   -0.0150
   -0.0145
   -0.0138
   -0.0127
   -0.0114
   -0.0097
   -0.0079
   -0.0059
   -0.0040
   -0.0024
   -0.0010
    0.0001
    0.0008
    0.0012
    0.0013
    0.0012
    0.0010
    0.0007
    0.0004
    0.0002
    0.0000
   -0.0000
    0.0002
    0.0006
    0.0014
    0.0024
    0.0037
    0.0051
    0.0066
    0.0083
    0.0101
    0.0124
    0.0151
    0.0185
    0.0226
    0.0273
    0.0325
    0.0378
    0.0429
    0.0474
    0.0510
    0.0532
    0.0538
    0.0523
    0.0485
    0.0418
    0.0317
    0.0178
   -0.0004
   -0.0237
   -0.0527
   -0.0882
   -0.1310
   -0.1818
   -0.2410
   -0.3087
   -0.3847
   -0.4686
   -0.5594
   -0.6565
   -0.7589
   -0.8654
   -0.9752
   -1.0871
   -1.2002
   -1.3135
   -1.4258
   -1.5359
   -1.6425
   -1.7443
   -1.8401
   -1.9288
   -2.0094
   -2.0810
   -2.1430
   -2.1949
   -2.2361
   -2.2663
   -2.2852
   -2.2925
   -2.2879
   -2.2716
   -2.2437
   -2.2044
   -2.1542
   -2.0936
   -2.0232
   -1.9441
   -1.8572
   -1.7634
   -1.6636
   -1.5588
   -1.4498
   -1.3375
   -1.2225
   -1.1059
   -0.9883
   -0.8707
   -0.7540
   -0.6393
   -0.5278
   -0.4205
   -0.3186
   -0.2228
   -0.1337
   -0.0514
    0.0244
    0.0942
    0.1591
    0.2204
    0.2793
    0.3369
    0.3942
    0.4519
    0.5107
    0.5711
    0.6336
    0.6982
    0.7650
    0.8334
    0.9028
    0.9726
    1.0418
    1.1094
    1.1747
    1.2366
    1.2944
    1.3474
    1.3949
    1.4366
    1.4722
    1.5016
    1.5251
    1.5428
    1.5554
    1.5635
    1.5679
    1.5695
    1.5691
    1.5674
    1.5654
    1.5636
    1.5627
    1.5630
    1.5649
    1.5683
    1.5732
    1.5794
    1.5863
    1.5935
    1.6006
    1.6071
    1.6129
    1.6177
    1.6214
    1.6240
    1.6258
    1.6271
    1.6284
    1.6301
    1.6325
    1.6356
    1.6392
    1.6427
    1.6454
    1.6463
    1.6445
    1.6389
    1.6286
    1.6126
    1.5904
    1.5613
    1.5251
    1.4819
    1.4317
    1.3751
    1.3125
    1.2447
    1.1726
    1.0970
    1.0189
    0.9393
    0.8595
    0.7810
    0.7049
    0.6323
    0.5639
    0.5002
    0.4417
    0.3885
    0.3408
    0.2984
    0.2613
    0.2294
    0.2024
    0.1800
    0.1616
    0.1467
    0.1345
    0.1244
    0.1159
    0.1083
    0.1012
    0.0946
    0.0882
    0.0820
    0.0761
    0.0704
    0.0651
    0.0601
    0.0553
    0.0507
    0.0462
    0.0416
    0.0368
    0.0317
    0.0265
    0.0212
    0.0161
    0.0111
    0.0066
    0.0024
   -0.0015
   -0.0049
   -0.0078
   -0.0102
   -0.0119
   -0.0130
   -0.0133
   -0.0129
   -0.0118
   -0.0101
   -0.0078
   -0.0049
   -0.0014
    0.0026
    0.0069
    0.0116
    0.0164
    0.0212
    0.0259
    0.0305
    0.0349
    0.0390
    0.0426
    0.0458
    0.0483
    0.0502
    0.0513
    0.0517
    0.0514
    0.0505
    0.0493
    0.0477
    0.0460
    0.0442
    0.0425
    0.0409
    0.0394
    0.0381
    0.0369
    0.0359
    0.0349
    0.0339
    0.0328
    0.0315
    0.0301
    0.0286
    0.0271
    0.0255
    0.0240
    0.0226
    0.0212
    0.0200
    0.0190
    0.0181
    0.0173
    0.0166
    0.0161
    0.0157
    0.0154
    0.0152
    0.0150
    0.0149
    0.0148
    0.0147
    0.0146
    0.0145
    0.0144
    0.0144
    0.0145
    0.0147
    0.0149
    0.0152
    0.0156
    0.0161
    0.0165
    0.0170
    0.0174
    0.0178
    0.0181
    0.0183
    0.0185
    0.0187
    0.0188
    0.0188
    0.0186
    0.0181
    0.0174
    0.0164
    0.0151
    0.0135
    0.0118
    0.0100
    0.0081
    0.0062
    0.0043
    0.0025
    0.0009
   -0.0005
   -0.0017
   -0.0026
   -0.0033
   -0.0037
   -0.0039
   -0.0039
   -0.0037
   -0.0034
   -0.0030
   -0.0025
   -0.0020
   -0.0016
   -0.0012
   -0.0010
   -0.0008
   -0.0006
   -0.0004
   -0.0002
    0.0001
    0.0005
    0.0010
    0.0016
    0.0023
    0.0030
    0.0038
    0.0045
    0.0052
    0.0057
    0.0061
    0.0062
    0.0060
    0.0057
    0.0050
    0.0042
    0.0033
    0.0023
    0.0012
    0.0001
   -0.0011
   -0.0023
   -0.0034
   -0.0046
   -0.0057
   -0.0068
   -0.0077
   -0.0085
   -0.0092
   -0.0097
   -0.0100
   -0.0100
   -0.0099
   -0.0096
   -0.0092
   -0.0089
   -0.0086
   -0.0085
   -0.0086
   -0.0087
   -0.0089
   -0.0092
   -0.0096
   -0.0100
   -0.0105
   -0.0110
   -0.0116
   -0.0122
   -0.0127
   -0.0133
   -0.0138
   -0.0142
   -0.0145
   -0.0148
   -0.0150
   -0.0152
   -0.0153
   -0.0154
   -0.0154
   -0.0155
   -0.0156
   -0.0158
   -0.0159
   -0.0160
   -0.0161
   -0.0162
   -0.0162
   -0.0161
   -0.0160
   -0.0158
   -0.0155
   -0.0152
   -0.0149
   -0.0146
   -0.0143
   -0.0141
   -0.0140
   -0.0140
   -0.0141
   -0.0142
   -0.0144
   -0.0147
   -0.0149
   -0.0152
   -0.0155
   -0.0159
   -0.0164
   -0.0170
   -0.0176
   -0.0183
   -0.0190
   -0.0197
   -0.0204
   -0.0210
   -0.0215
   -0.0219
   -0.0222
   -0.0224
   -0.0224
   -0.0224
   -0.0222
   -0.0219
   -0.0216
   -0.0212
   -0.0208
   -0.0204
   -0.0200
   -0.0196
   -0.0192
   -0.0188
   -0.0185
   -0.0182
   -0.0180
   -0.0178
   -0.0177
   -0.0177
   -0.0176
   -0.0176
   -0.0177
   -0.0177
   -0.0178
   -0.0179
   -0.0180
   -0.0181
   -0.0183
   -0.0184
   -0.0186
   -0.0189
   -0.0191
   -0.0194
   -0.0196
   -0.0199
   -0.0201
   -0.0204
   -0.0206
   -0.0208
   -0.0210
   -0.0212
   -0.0213
   -0.0215
   -0.0216
   -0.0216
   -0.0216
   -0.0215
   -0.0214
   -0.0212
   -0.0210
   -0.0206
   -0.0202
   -0.0198
   -0.0194
   -0.0190
   -0.0186
   -0.0183
   -0.0180
   -0.0178
   -0.0178
   -0.0177
   -0.0178
   -0.0179
   -0.0180
   -0.0182
   -0.0184
   -0.0186
   -0.0188
   -0.0190
   -0.0192
   -0.0194
   -0.0196
   -0.0198
   -0.0199
   -0.0201
   -0.0203
   -0.0205
   -0.0208
   -0.0210
   -0.0213
   -0.0216
   -0.0219
   -0.0223
   -0.0226
   -0.0230
   -0.0233
   -0.0236
   -0.0239
   -0.0241
   -0.0242
   -0.0243
   -0.0243
   -0.0242
   -0.0240
   -0.0238
   -0.0235
   -0.0232
   -0.0228
   -0.0224
   -0.0220
   -0.0216
   -0.0212
   -0.0208
   -0.0205
   -0.0202
   -0.0200
   -0.0198
   -0.0198
   -0.0198
   -0.0199
   -0.0201
   -0.0202
   -0.0204
   -0.0207
   -0.0209
   -0.0211
   -0.0213
   -0.0215
   -0.0217
   -0.0218
   -0.0219
   -0.0220
   -0.0220
   -0.0220
   -0.0219
   -0.0218
   -0.0218
   -0.0218
   -0.0219
   -0.0220
   -0.0221
   -0.0223
   -0.0224
   -0.0225
   -0.0225
   -0.0225
   -0.0225
   -0.0223
   -0.0222
   -0.0219
   -0.0216
   -0.0213
   -0.0209
   -0.0205
   -0.0200
   -0.0195
   -0.0189
   -0.0184
   -0.0177
   -0.0171
   -0.0164
   -0.0157
   -0.0149
   -0.0142
   -0.0134
   -0.0125
   -0.0117
   -0.0108
   -0.0098
   -0.0089
   -0.0079
   -0.0068
   -0.0058
   -0.0047
   -0.0035
   -0.0024
   -0.0012
    0.0001
    0.0013