    0.0124
    0.0118
    0.0112
    0.0107
    0.0101
    0.0095
    0.0090
    0.0085
    0.0080
    0.0075
    0.0070
    0.0065
    0.0060
    0.0056
    0.0051
    0.0047
    0.0043
    0.0039
    0.0035
    0.0031
    0.0027
    0.0023
    0.0020
    0.0016
    0.0013
    0.0010
    0.0007
    0.0004
    0.0001
   -0.0002
   -0.0005
   -0.0007
   -0.0010
   -0.0012
   -0.0014
   -0.0016
   -0.0018
   -0.0020
   -0.0022
   -0.0024
   -0.0025
   -0.0027
   -0.0028
   -0.0030
   -0.0031
   -0.0032
   -0.0033
   -0.0034
   -0.0034
   -0.0035
   -0.0035
   -0.0036
   -0.0036
   -0.0036
   -0.0036
   -0.0036
   -0.0036
   -0.0036
   -0.0035
   -0.0035
   -0.0034
   -0.0033
   -0.0032
   -0.0031
   -0.0030
   -0.0029
   -0.0028
   -0.0026
   -0.0025
   -0.0023
   -0.0021
   -0.0020
   -0.0018
   -0.0016
   -0.0015
   -0.0013
   -0.0012
   -0.0010
   -0.0009
   -0.0008
   -0.0007
   -0.0006
   -0.0005
   -0.0004
   -0.0003
   -0.0002
   -0.0001
   -0.0000
    0.0001
    0.0002
    0.0002
    0.0003
    0.0004
    0.0004
    0.0005
    0.0005
    0.0006
    0.0006
    0.0006
    0.0007
    0.0007
    0.0007
    0.0007
    0.0007
    0.0007
    0.0007
    0.0007
    0.0006
    0.0006
    0.0006
    0.0006
    0.0007
    0.0007
    0.0007
    0.0007
    0.0007
    0.0007
    0.0007
    0.0008
    0.0008
    0.0008
    0.0008
    0.0008
    0.0008
    0.0009
    0.0009
    0.0009
    0.0009
    0.0009
    0.0008
    0.0008
    0.0008
    0.0008
    0.0007
    0.0007
    0.0006
    0.0006
    0.0005
    0.0005
    0.0005
    0.0004
    0.0004
    0.0003
    0.0003
    0.0003
    0.0002
    0.0002
    0.0001
    0.0001
    0.0001
    0.0000
    0.0000
   -0.0000
   -0.0001
   -0.0001
   -0.0001
   -0.0002
   -0.0002
   -0.0002
   -0.0003
   -0.0003
   -0.0003
   -0.0004
   -0.0004
   -0.0004
   -0.0005
   -0.0005
   -0.0005
   -0.0006
   -0.0006
   -0.0006
   -0.0006
   -0.0007
   -0.0007
   -0.0008
   -0.0008
   -0.0009
   -0.0010
   -0.0011
   -0.0012
   -0.0013
   -0.0015
   -0.0016
   -0.0018
   -0.0019
   -0.0021
   -0.0023
   -0.0024
   -0.0026
   -0.0028
   -0.0030
   -0.0031
   -0.0033
   -0.0035
   -0.0036
   -0.0038
   -0.0039
   -0.0040
   -0.0041
   -0.0042
   -0.0043
   -0.0043
   -0.0044
   -0.0044
   -0.0044
   -0.0044
   -0.0044
   -0.0044
   -0.0044
   -0.0043
   -0.0043
   -0.0043
   -0.0042
   -0.0042
   -0.0042
   -0.0042
   -0.0042
   -0.0042
   -0.0042
   -0.0042
   -0.0041
   -0.0041
   -0.0041
   -0.0040
   -0.0040
   -0.0039
   -0.0038
   -0.0037
   -0.0036
   -0.0035
   -0.0034
   -0.0032
   -0.0031
   -0.0029
   -0.0027
   -0.0025
   -0.0023
   -0.0021
   -0.0019
   -0.0017
   -0.0014
   -0.0012
   -0.0010
   -0.0008
   -0.0006
   -0.0005
   -0.0003
   -0.0001
    0.0001
    0.0003
    0.0004
    0.0006
    0.0008
    0.0010
    0.0011
    0.0013
    0.0015
    0.0016
    0.0018
    0.0019
    0.0021
    0.0022
    0.0024
    0.0025
    0.0026
    0.0028
    0.0029
    0.0030
    0.0031
    0.0032
    0.0033
    0.0034
    0.0035
    0.0035
    0.0036
    0.0037
    0.0037
    0.0038
    0.0038
    0.0038
    0.0039
    0.0039
    0.0039
    0.0039
    0.0039
    0.0040
    0.0040
    0.0040
    0.0040
    0.0039
    0.0039
    0.0039
    0.0039
    0.0039
    0.0039
    0.0038
    0.0038
    0.0038
    0.0038
    0.0037
    0.0037
    0.0037
    0.0036
    0.0036
    0.0035
    0.0035
    0.0035
    0.0034
    0.0034
    0.0033
    0.0033
    0.0033
    0.0032
    0.0032
    0.0032
    0.0031
    0.0031
    0.0030
    0.0030
    0.0029
    0.0029
    0.0028
    0.0027
    0.0026
    0.0025
    0.0025
    0.0024
    0.0023
    0.0022
    0.0021
    0.0021
    0.0020
    0.0019
    0.0018
    0.0017
    0.0016
    0.0015
    0.0014
    0.0013
    0.0012
    0.0011
    0.0010
    0.0008
    0.0007
    0.0006
    0.0004
    0.0003
    0.0001
   -0.0001
   -0.0003
   -0.0005
   -0.0007
   -0.0009
   -0.0012
   -0.0014
   -0.0017
   -0.0020
   -0.0022
   -0.0025
   -0.0027
   -0.0030
   -0.0032
   -0.0035
   -0.0037
   -0.0039
   -0.0040
   -0.0042
   -0.0043
   -0.0044
   -0.0045
   -0.0046
   -0.0046
   -0.0047
   -0.0047
   -0.0046
   -0.0046
   -0.0045
   -0.0045
   -0.0044
   -0.0043
   -0.0042
   -0.0040
   -0.0039
   -0.0038
   -0.0036
   -0.0035
   -0.0033
   -0.0031
   -0.0030
   -0.0028
   -0.0027
   -0.0025
   -0.0023
   -0.0022
   -0.0020
   -0.0018
   -0.0017
   -0.0015
   -0.0014
   -0.0012
   -0.0011
   -0.0009
   -0.0008
   -0.0007
   -0.0006
   -0.0005
   -0.0004
   -0.0003
   -0.0002
   -0.0001
   -0.0001
   -0.0000
   -0.0000
   -0.0000
   -0.0000
   -0.0000
   -0.0001
   -0.0001
   -0.0001
   -0.0002
   -0.0002
   -0.0003
   -0.0003
   -0.0004
   -0.0005
   -0.0005
   -0.0006
   -0.0007
   -0.0007
   -0.0008
   -0.0009
   -0.0010
   -0.0011
   -0.0012
   -0.0013
   -0.0014
   -0.0015
   -0.0016
   -0.0018
   -0.0019
   -0.0020
   -0.0021
   -0.0023
   -0.0024
   -0.0025
   -0.0026
   -0.0028
   -0.0029
   -0.0030
   -0.0031
   -0.0032
   -0.0033
   -0.0034
   -0.0035
   -0.0035
   -0.0036
   -0.0036
   -0.0036
   -0.0036
   -0.0035
   -0.0035
   -0.0034
   -0.0033
   -0.0032
   -0.0031
   -0.0029
   -0.0028
   -0.0026
   -0.0025
   -0.0023
   -0.0021
   -0.0019
   -0.0017
   -0.0015
   -0.0012
   -0.0010
   -0.0008
   -0.0005
   -0.0003
    0.0000
    0.0003
    0.0005
    0.0008
    0.0011
    0.0013
    0.0016
    0.0018
    0.0021
    0.0023
    0.0025
    0.0027
    0.0029
    0.0030
    0.0032
    0.0033
    0.0034
    0.0035
    0.0036
    0.0037
    0.0037
    0.0037
    0.0037
    0.0036
    0.0034
    0.0032
    0.0028
    0.0024
    0.0018
    0.0011
    0.0002
   -0.0009
   -0.0022
   -0.0038
   -0.0057
   -0.0079
   -0.0103
   -0.0131
   -0.0161
   -0.0194
   -0.0229
   -0.0267
   -0.0307
   -0.0349
   -0.0393
   -0.0439
   -0.0486
   -0.0533
   -0.0581
   -0.0628
   -0.0675
   -0.0719
   -0.0761
   -0.0799
   -0.0833
   -0.0861
   -0.0882
   -0.0896
   -0.0901
   -0.0897
   -0.0881
   -0.0854
   -0.0814
   -0.0761
   -0.0693
   -0.0610
   -0.0511
   -0.0396
   -0.0264
   -0.0116
    0.0048
    0.0229
    0.0427
    0.0640
    0.0868
    0.1112
    0.1370
    0.1641
    0.1924
    0.2220
    0.2526
    0.2841
    0.3164
    0.3494
    0.3830
    0.4169
    0.4510
    0.4852
    0.5194
    0.5533
    0.5868
    0.6198
    0.6521
    0.6836
    0.7142
    0.7436
    0.7719
    0.7988
    0.8244
    0.8484
    0.8709
    0.8919
    0.9111
    0.9287
    0.9445
    0.9585
    0.9708
    0.9812
    0.9899
    0.9968
    1.0019
    1.0052
    1.0067
    1.0066
    1.0047
    1.0011
    0.9959
    0.9889
    0.9803
    0.9699
    0.9579
    0.9441
    0.9287
    0.9115
    0.8927
    0.8722
    0.8499
    0.8260
    0.8003
    0.7730
    0.7439
    0.7132
    0.6808
    0.6467
    0.6109
    0.5736
    0.5347
    0.4942
    0.4524
    0.4091
    0.3646
    0.3190
    0.2722
    0.2245
    0.1760
    0.1269
    0.0772
    0.0272
   -0.0230
   -0.0733
   -0.1234
   -0.1733
   -0.2227
   -0.2714
   -0.3195
   -0.3666
   -0.4127
   -0.4575
   -0.5011
   -0.5431
   -0.5837
   -0.6225
   -0.6595
   -0.6947
   -0.7279
   -0.7592
   -0.7883
   -0.8153
   -0.8402
   -0.8629
   -0.8835
   -0.9019
   -0.9183
   -0.9326
   -0.9449
   -0.9552
   -0.9638
   -0.9705
   -0.9756
   -0.9792
   -0.9812
   -0.9819
   -0.9812
   -0.9794
   -0.9764
   -0.9725
   -0.9676
   -0.9620
   -0.9556
   -0.9486
   -0.9410
   -0.9330
   -0.9245
   -0.9157
   -0.9064
   -0.8968
   -0.8869
   -0.8767
   -0.8661
   -0.8552
   -0.8440
   -0.8324
   -0.8205
   -0.8082
   -0.7955
   -0.7824
   -0.7688
   -0.7549
   -0.7404
   -0.7255
   -0.7100
   -0.6941
   -0.6777
   -0.6608
   -0.6435
   -0.6257
   -0.6074
   -0.5887
   -0.5696
   -0.5501
   -0.5303
   -0.5101
   -0.4897
   -0.4689
   -0.4480
   -0.4268
   -0.4056
   -0.3842
   -0.3629
   -0.3416
   -0.3204
   -0.2994
   -0.2786
   -0.2581
   -0.2379
   -0.2181
   -0.1987
   -0.1798
   -0.1613
   -0.1433
   -0.1259
   -0.1091
   -0.0927
   -0.0770
   -0.0618
   -0.0471
   -0.0330
   -0.0193
   -0.0062
    0.0064
    0.0186
    0.0303
    0.0416
    0.0524
    0.0628
    0.0728
    0.0825
    0.0917
    0.1006
    0.1091
    0.1173
    0.1250
    0.1323
    0.1392
    0.1457
    0.1517
    0.1572
    0.1623
    0.1669
    0.1711
    0.1748
    0.1780
    0.1807
    0.1829
    0.1847
    0.1859
    0.1866
    0.1868
    0.1866
    0.1859
    0.1848
    0.1833
    0.1814
    0.1791
    0.1766
    0.1738
    0.1708
    0.1677
    0.1645
    0.1611
    0.1577
    0.1543
    0.1509
    0.1475
    0.1442
    0.1409
    0.1377
    0.1346
    0.1315
    0.1286
    0.1257
    0.1229
    0.1202
    0.1177
    0.1152
    0.1129
    0.1106
    0.1085
    0.1066
    0.1047
    0.1030
    0.1014
    0.0999
    0.0986
    0.0973
    0.0961
    0.0950
    0.0939
    0.0928
    0.0918
    0.0908
    0.0898
    0.0888
    0.0878
    0.0868
    0.0857
    0.0847
    0.0837
    0.0826
    0.0816
    0.0806
    0.0796
    0.0786
    0.0776
    0.0767
    0.0757
    0.0748
    0.0739
    0.0730
    0.0721
    0.0712
    0.0704
    0.0696
    0.0687
    0.0679
    0.0671
    0.0663
    0.0655
    0.0647
    0.0640
    0.0632
    0.0624
    0.0616
    0.0608
    0.0600
    0.0592
    0.0584
    0.0576
    0.0568
    0.0560
    0.0552
    0.0544
    0.0536
    0.0528
    0.0520
    0.0512
    0.0505
    0.0497
    0.0489
    0.0482
    0.0474
    0.0467
    0.0460
    0.0453
    0.0445
    0.0438
    0.0431
    0.0424
    0.0417
    0.0411
    0.0404
    0.0397
    0.0391
    0.0385
    0.0379
    0.0373
    0.0367
    0.0362
    0.0357
    0.0352
    0.0347
    0.0342
    0.0338
    0.0334
    0.0329
    0.0325
    0.0322
    0.0318
    0.0314
    0.0311
    0.0307
    0.0304
    0.0300
    0.0297
    0.0293
    0.0290
    0.0287
    0.0284
    0.0280
    0.0277
    0.0274
    0.0270
    0.0267
    0.0264
    0.0260
    0.0257
    0.0253
    0.0250
    0.0247
    0.0243
    0.0240
    0.0237
    0.0233
    0.0230
    0.0227
    0.0224
    0.0221
    0.0218
    0.0215
    0.0212
    0.0209
    0.0206
    0.0204
    0.0201
    0.0199
    0.0196
    0.0194
    0.0192
    0.0190
    0.0188
    0.0186
    0.0184
    0.0182
    0.0180
    0.0178
    0.0177
    0.0175
    0.0174
    0.0174
    0.0173
    0.0173
    0.0173
    0.0174
    0.0175
    0.0176
    0.0178
    0.0179
    0.0182
    0.0185
    0.0188
    0.0192
    0.0196
    0.0201
    0.0206
    0.0211
    0.0217
    0.0224
    0.0231
    0.0238
    0.0245
    0.0253
    0.0261
    0.0270
    0.0279
    0.0288
    0.0298
    0.0307
    0.0317
    0.0328
    0.0338
    0.0349
    0.0360
    0.0372
    0.0383
    0.0395
    0.0407
    0.0418
    0.0429
    0.0439
    0.0449
    0.0457
    0.0464
    0.0470
    0.0474
    0.0477
    0.0477
    0.0475
    0.0470
    0.0462
    0.0450
    0.0435
    0.0415
    0.0391
    0.0361
    0.0325
    0.0284
    0.0236
    0.0181
    0.0119
    0.0049
   -0.0028
   -0.0113
   -0.0206
   -0.0307
   -0.0416
   -0.0534
   -0.0661
   -0.0796
   -0.0939
   -0.1090
   -0.1250
   -0.1417
   -0.1591
   -0.1772
   -0.1960
   -0.2153
   -0.2352
   -0.2554
   -0.2761
   -0.2971
   -0.3182
   -0.3396
   -0.3610
   -0.3824
   -0.4038
   -0.4250
   -0.4461
   -0.4668
   -0.4872
   -0.5071
   -0.5264
   -0.5452
   -0.5632
   -0.5805
   -0.5970
   -0.6127
   -0.6275
   -0.6413
   -0.6541
   -0.6659
   -0.6766
   -0.6862
   -0.6946
   -0.7019
   -0.7079
   -0.7126
   -0.7160
   -0.7182
   -0.7189
   -0.7184
   -0.7165
   -0.7132
   -0.7086
   -0.7026
   -0.6953
   -0.6867
   -0.6768
   -0.6656
   -0.6531
   -0.6394
   -0.6245
   -0.6083
   -0.5909
   -0.5724
   -0.5527
   -0.5318
   -0.5099
   -0.4869
   -0.4628
   -0.4377
   -0.4116
   -0.3845
   -0.3565
   -0.3277
   -0.2980
   -0.2675
   -0.2362
   -0.2042
   -0.1715
   -0.1382
   -0.1043
   -0.0698
   -0.0348
    0.0006
    0.0364
    0.0726
    0.1090
    0.1456
    0.1824
    0.2191
    0.2559
    0.2925
    0.3288
    0.3649
    0.4006
    0.4357
    0.4703
    0.5042
    0.5373
    0.5696
    0.6009
    0.6312
    0.6604
    0.6885
    0.7153
    0.7409
    0.7652
    0.7883
    0.8101
    0.8306
    0.8498
    0.8677
    0.8844
    0.8998
    0.9140
    0.9269
    0.9387
    0.9492
    0.9586
    0.9668
    0.9739
    0.9799
    0.9848
    0.9886
    0.9914
    0.9932
    0.9940
    0.9938
    0.9926
    0.9905
    0.9875
    0.9836
    0.9789
    0.9732
    0.9667
    0.9593
    0.9510
    0.9419
    0.9320
    0.9212
    0.9096
    0.8973
    0.8841
    0.8701
    0.8555
    0.8400
    0.8239
    0.8070
    0.7894
    0.7712
    0.7523
    0.7327
    0.7126
    0.6918
    0.6705
    0.6487
    0.6265
    0.6038
    0.5807
    0.5572
    0.5335
    0.5096
    0.4854
    0.4610
    0.4366
    0.4121
    0.3876
    0.3631
    0.3386
    0.3143
    0.2902
    0.2662
    0.2426
    0.2192
    0.1962
    0.1736
    0.1514
    0.1297
    0.1085
    0.0879
    0.0678
    0.0483
    0.0295
    0.0113
   -0.0063
   -0.0231
   -0.0392
   -0.0546
   -0.0692
   -0.0830
   -0.0960
   -0.1083
   -0.1197
   -0.1305
   -0.1404
   -0.1496
   -0.1581
   -0.1659
   -0.1730
   -0.1795
   -0.1853
   -0.1905
   -0.1951
   -0.1991
   -0.2026
   -0.2055
   -0.2079
   -0.2098
   -0.2113
   -0.2123
   -0.2129
   -0.2131
   -0.2130
   -0.2125
   -0.2117
   -0.2105
   -0.2091
   -0.2074
   -0.2055
   -0.2033
   -0.2010
   -0.1984
   -0.1956
   -0.1926
   -0.1895
   -0.1861
   -0.1827
   -0.1791
   -0.1753
   -0.1715
   -0.1676
   -0.1637
   -0.1597
   -0.1558
   -0.1519
   -0.1481
   -0.1443
   -0.1407
   -0.1372
   -0.1338
   -0.1307
   -0.1277
   -0.1249
   -0.1222
   -0.1198
   -0.1176
   -0.1156
   -0.1137
   -0.1119
   -0.1104
   -0.1089
   -0.1075
   -0.1061
   -0.1048
   -0.1036
   -0.1023
   -0.1011
   -0.0998
   -0.0986
   -0.0974
   -0.0961
   -0.0949
   -0.0937
   -0.0925
   -0.0913
   -0.0901
   -0.0889
   -0.0878
   -0.0866
   -0.0855
   -0.0844
   -0.0834
   -0.0823
   -0.0813
   -0.0803
   -0.0793
   -0.0783
   -0.0774
   -0.0764
   -0.0755
   -0.0746
   -0.0737
   -0.0728
   -0.0719
   -0.0711
   -0.0702
   -0.0694
   -0.0685
   -0.0677
   -0.0668
   -0.0660
   -0.0652
   -0.0643
   -0.0635
   -0.0626
   -0.0618
   -0.0609
   -0.0601
   -0.0593
   -0.0584
   -0.0576
   -0.0568
   -0.0560
   -0.0553
   -0.0545
   -0.0538
   -0.0531
   -0.0524
   -0.0517
   -0.0510
   -0.0504
   -0.0497
   -0.0491
   -0.0484
   -0.0478
   -0.0472
   -0.0466
   -0.0460
   -0.0455
   -0.0449
   -0.0443
   -0.0438
   -0.0432
   -0.0427
   -0.0422
   -0.0416
   -0.0411
   -0.0406
   -0.0401
   -0.0396
   -0.0391
   -0.0386
   -0.0381
   -0.0377
   -0.0372
   -0.0367
   -0.0362
   -0.0358
   -0.0353
   -0.0348
   -0.0343
   -0.0338
   -0.0333
   -0.0328
   -0.0323
   -0.0318
   -0.0312
   -0.0307
   -0.0302
   -0.0296
   -0.0291
   -0.0286
   -0.0280
   -0.0275
   -0.0270
   -0.0264
   -0.0259
   -0.0254
   -0.0249
   -0.0244
   -0.0239
   -0.0234
   -0.0230
   -0.0225
   -0.0221
   -0.0217
   -0.0212
   -0.0208
   -0.0204
   -0.0201
   -0.0197
   -0.0194
   -0.0190
   -0.0187
   -0.0184
   -0.0181
   -0.0178
   -0.0175
   -0.0172
   -0.0170
   -0.0167
   -0.0165
   -0.0162
   -0.0160
   -0.0157
   -0.0155
   -0.0153
   -0.0151
   -0.0149
   -0.0147
   -0.0145
   -0.0143
   -0.0141
   -0.0139
   -0.0137
   -0.0136
   -0.0134
   -0.0133
   -0.0131
   -0.0130
   -0.0128
   -0.0127
   -0.0126
   -0.0126
   -0.0125
   -0.0124
   -0.0124
   -0.0124
   -0.0124
   -0.0124
   -0.0124
   -0.0125
   -0.0125
   -0.0126
   -0.0126
   -0.0127
   -0.0128
   -0.0129
   -0.0130
   -0.0130
   -0.0131
   -0.0132
   -0.0133
   -0.0134
   -0.0135
   -0.0135
   -0.0136
   -0.0136
   -0.0136
   -0.0136
   -0.0137
   -0.0136
   -0.0136
   -0.0136
   -0.0136
   -0.0135
   -0.0135
   -0.0134
   -0.0134
   -0.0133
   -0.0132
   -0.0131
   -0.0130
   -0.0130
   -0.0129
   -0.0128
   -0.0127
   -0.0126
   -0.0124
   -0.0123
   -0.0122
   -0.0121
   -0.0119
   -0.0118
   -0.0116
   -0.0115
   -0.0113
   -0.0111
   -0.0109
   -0.0108
   -0.0106
   -0.0104
   -0.0102
   -0.0099
   -0.0097
   -0.0095
   -0.0093
   -0.0091
   -0.0088
   -0.0086
   -0.0083
   -0.0081
   -0.0079
   -0.0076
   -0.0073
   -0.0070
   -0.0067
   -0.0064
   -0.0062
   -0.0059
   -0.0057
   -0.0055
   -0.0053
   -0.0051
   -0.0049
   -0.0047
   -0.0046
   -0.0044
   -0.0043
   -0.0041
   -0.0040
   -0.0039
   -0.0038
   -0.0037
   -0.0036
   -0.0035
   -0.0034
   -0.0034
   -0.0033
   -0.0032
   -0.0032
   -0.0031
   -0.0031
   -0.0031
   -0.0030
   -0.0030
   -0.0030
   -0.0030
   -0.0030
   -0.0030
   -0.0030
   -0.0030
   -0.0030
   -0.0030
   -0.0030
   -0.0030
   -0.0031
   -0.0031
   -0.0031
   -0.0032
   -0.0033
   -0.0033
   -0.0034
   -0.0035
   -0.0035
   -0.0036
   -0.0037
   -0.0038
   -0.0039
   -0.0040
   -0.0041
   -0.0043
   -0.0044
   -0.0045
   -0.0047
   -0.0048
   -0.0050
   -0.0051
   -0.0053
   -0.0055
   -0.0057
   -0.0059
   -0.0061
   -0.0063
   -0.0065
   -0.0067
   -0.0069
   -0.0072
   -0.0074
   -0.0077