    0.0000
   -0.0001
   -0.0002
   -0.0003
   -0.0004
   -0.0005
   -0.0006
   -0.0007
   -0.0008
   -0.0009
   -0.0009
   -0.0010
   -0.0011
   -0.0011
   -0.0012
   -0.0012
   -0.0013
   -0.0013
   -0.0013
   -0.0013
   -0.0014
   -0.0014
   -0.0014
   -0.0014
   -0.0014
   -0.0014
   -0.0013
   -0.0013
   -0.0013
   -0.0013
   -0.0012
   -0.0012
   -0.0012
   -0.0011
   -0.0011
   -0.0011
   -0.0011
   -0.0011
   -0.0011
   -0.0011
   -0.0011
   -0.0012
   -0.0011
   -0.0011
   -0.0010
   -0.0009
   -0.0008
   -0.0007
   -0.0007
   -0.0007
   -0.0007
   -0.0008
   -0.0009
   -0.0010
   -0.0011
   -0.0013
   -0.0015
   -0.0018
   -0.0020
   -0.0023
   -0.0026
   -0.0029
   -0.0032
   -0.0035
   -0.0039
   -0.0042
   -0.0046
   -0.0049
   -0.0052
   -0.0055
   -0.0058
   -0.0061
   -0.0063
   -0.0064
   -0.0066
   -0.0066
   -0.0066
   -0.0065
   -0.0064
   -0.0062
   -0.0059
   -0.0055
   -0.0050
   -0.0045
   -0.0040
   -0.0035
   -0.0029
   -0.0023
   -0.0018
   -0.0012
   -0.0007
   -0.0003
    0.0002
    0.0006
    0.0010
    0.0014
    0.0017
    0.0021
    0.0023
    0.0025
    0.0027
    0.0028
    0.0029
    0.0030
    0.0030
    0.0030
    0.0031
    0.0031
    0.0031
    0.0031
    0.0031
    0.0032
    0.0033
    0.0035
    0.0037
    0.0040
    0.0043
    0.0046
    0.0049
    0.0053
    0.0056
    0.0059
    0.0062
    0.0065
    0.0068
    0.0070
    0.0073
    0.0075
    0.0077
    0.0079
    0.0081
    0.0082
    0.0083
    0.0084
    0.0085
    0.0085
    0.0085
    0.0086
    0.0086
    0.0086
    0.0087
    0.0086
    0.0086
    0.0085
    0.0083
    0.0081
    0.0078
    0.0074
    0.0070
    0.0065
    0.0060
    0.0054
    0.0048
    0.0042
    0.0036
    0.0031
    0.0025
    0.0019
    0.0013
    0.0008
    0.0003
   -0.0002
   -0.0006
   -0.0010
   -0.0013
   -0.0016
   -0.0018
   -0.0021
   -0.0022
   -0.0024
   -0.0024
   -0.0025
   -0.0025
   -0.0025
   -0.0025
   -0.0024
   -0.0023
   -0.0021
   -0.0019
   -0.0017
   -0.0015
   -0.0013
   -0.0011
   -0.0008
   -0.0006
   -0.0004
   -0.0002
    0.0001
    0.0003
    0.0006
    0.0008
    0.0010
    0.0012
    0.0013
    0.0014
    0.0016
    0.0017
    0.0018
    0.0019
    0.0020
    0.0021
    0.0022
    0.0022
    0.0023
    0.0022
    0.0021
    0.0019
    0.0016
    0.0013
    0.0010
    0.0006
    0.0002
   -0.0002
   -0.0006
   -0.0010
   -0.0015
   -0.0019
   -0.0023
   -0.0027
   -0.0031
   -0.0035
   -0.0039
   -0.0042
   -0.0045
   -0.0048
   -0.0050
   -0.0052
   -0.0053
   -0.0055
   -0.0055
   -0.0056
   -0.0057
   -0.0057
   -0.0057
   -0.0057
   -0.0056
   -0.0054
   -0.0052
   -0.0049
   -0.0045
   -0.0041
   -0.0037
   -0.0032
   -0.0028
   -0.0023
   -0.0020
   -0.0016
   -0.0013
   -0.0010
   -0.0007
   -0.0005
   -0.0002
    0.0001
    0.0004
    0.0006
    0.0009
    0.0011
    0.0014
    0.0016
    0.0018
    0.0020
    0.0021
    0.0023
    0.0024
    0.0024
    0.0025
    0.0025
    0.0025
    0.0026
    0.0026
    0.0027
    0.0028
    0.0030
    0.0031
    0.0033
    0.0035
    0.0037
    0.0038
    0.0040
    0.0041
    0.0043
    0.0043
    0.0044
    0.0044
    0.0044
    0.0044
    0.0044
    0.0043
    0.0042
    0.0042
    0.0041
    0.0039
    0.0038
    0.0037
    0.0036
    0.0035
    0.0034
    0.0033
    0.0032
    0.0030
    0.0029
    0.0028
    0.0026
    0.0024
    0.0022
    0.0019
    0.0017
    0.0014
    0.0012
    0.0009
    0.0007
    0.0006
    0.0005
    0.0004
    0.0004
    0.0005
    0.0005
    0.0006
    0.0007
    0.0008
    0.0008
    0.0009
    0.0010
    0.0010
    0.0011
    0.0011
    0.0012
    0.0012
    0.0013
    0.0013
    0.0014
    0.0014
    0.0014
    0.0015
    0.0015
    0.0015
    0.0014
    0.0014
    0.0013
    0.0012
    0.0011
    0.0010
    0.0010
    0.0010
    0.0010
    0.0011
    0.0012
    0.0013
    0.0014
    0.0016
    0.0018
    0.0020
    0.0021
    0.0023
    0.0024
    0.0025
    0.0026
    0.0027
    0.0027
    0.0028
    0.0028
    0.0029
    0.0029
    0.0030
    0.0031
    0.0031
    0.0032
    0.0033
    0.0033
    0.0034
    0.0034
    0.0034
    0.0034
    0.0034
    0.0033
    0.0032
    0.0031
    0.0029
    0.0028
    0.0026
    0.0024
    0.0023
    0.0021
    0.0019
    0.0018
    0.0016
    0.0014
    0.0013
    0.0012
    0.0010
    0.0009
    0.0009
    0.0008
    0.0008
    0.0009
    0.0009
    0.0010
    0.0012
    0.0013
    0.0014
    0.0016
    0.0017
    0.0019
    0.0020
    0.0021
    0.0022
    0.0023
    0.0023
    0.0023
    0.0022
    0.0021
    0.0019
    0.0018
    0.0016
    0.0013
    0.0011
    0.0009
    0.0007
    0.0004
    0.0003
    0.0001
   -0.0001
   -0.0002
   -0.0004
   -0.0005
   -0.0005
   -0.0006
   -0.0007
   -0.0007
   -0.0008
   -0.0008
   -0.0008
   -0.0008
   -0.0008
   -0.0008
   -0.0008
   -0.0008
   -0.0008
   -0.0008
   -0.0008
   -0.0008
   -0.0009
   -0.0009
   -0.0009
   -0.0010
   -0.0010
   -0.0010
   -0.0010
   -0.0011
   -0.0011
   -0.0011
   -0.0011
   -0.0011
   -0.0011
   -0.0010
   -0.0009
   -0.0009
   -0.0008
   -0.0006
   -0.0005
   -0.0004
   -0.0003
   -0.0002
   -0.0001
   -0.0000
    0.0001
    0.0001
    0.0002
    0.0003
    0.0004
    0.0005
    0.0006
    0.0008
    0.0009
    0.0010
    0.0009
    0.0006
   -0.0003
   -0.0018
   -0.0040
   -0.0070
   -0.0109
   -0.0157
   -0.0213
   -0.0276
   -0.0346
   -0.0419
   -0.0495
   -0.0568
   -0.0637
   -0.0697
   -0.0744
   -0.0774
   -0.0782
   -0.0764
   -0.0719
   -0.0641
   -0.0529
   -0.0381
   -0.0194
    0.0032
    0.0296
    0.0598
    0.0936
    0.1308
    0.1712
    0.2146
    0.2611
    0.3104
    0.3624
    0.4169
    0.4736
    0.5321
    0.5922
    0.6534
    0.7155
    0.7783
    0.8415
    0.9049
    0.9684
    1.0314
    1.0938
    1.1550
    1.2147
    1.2724
    1.3277
    1.3804
    1.4300
    1.4761
    1.5182
    1.5561
    1.5894
    1.6176
    1.6407
    1.6583
    1.6706
    1.6775
    1.6793
    1.6765
    1.6691
    1.6574
    1.6415
    1.6217
    1.5980
    1.5706
    1.5394
    1.5045
    1.4661
    1.4244
    1.3794
    1.3315
    1.2807
    1.2272
    1.1711
    1.1126
    1.0518
    0.9891
    0.9250
    0.8598
    0.7938
    0.7273
    0.6604
    0.5931
    0.5255
    0.4575
    0.3889
    0.3199
    0.2503
    0.1803
    0.1100
    0.0394
   -0.0313
   -0.1021
   -0.1730
   -0.2440
   -0.3153
   -0.3870
   -0.4593
   -0.5323
   -0.6061
   -0.6806
   -0.7558
   -0.8315
   -0.9073
   -0.9830
   -1.0582
   -1.1328
   -1.2067
   -1.2796
   -1.3514
   -1.4219
   -1.4908
   -1.5577
   -1.6225
   -1.6847
   -1.7443
   -1.8012
   -1.8551
   -1.9061
   -1.9539
   -1.9983
   -2.0392
   -2.0763
   -2.1093
   -2.1381
   -2.1625
   -2.1824
   -2.1975
   -2.2074
   -2.2120
   -2.2107
   -2.2031
   -2.1891
   -2.1681
   -2.1402
   -2.1052
   -2.0635
   -2.0154
   -1.9614
   -1.9022
   -1.8383
   -1.7705
   -1.6992
   -1.6254
   -1.5494
   -1.4720
   -1.3936
   -1.3148
   -1.2361
   -1.1579
   -1.0806
   -1.0045
   -0.9298
   -0.8568
   -0.7856
   -0.7165
   -0.6498
   -0.5858
   -0.5250
   -0.4676
   -0.4138
   -0.3639
   -0.3178
   -0.2754
   -0.2366
   -0.2013
   -0.1692
   -0.1402
   -0.1142
   -0.0910
   -0.0707
   -0.0533
   -0.0386
   -0.0267
   -0.0174
   -0.0105
   -0.0058
   -0.0031
   -0.0022
   -0.0027
   -0.0044
   -0.0070
   -0.0103
   -0.0142
   -0.0183
   -0.0227
   -0.0270
   -0.0313
   -0.0352
   -0.0389
   -0.0422
   -0.0451
   -0.0475
   -0.0494
   -0.0509
   -0.0519
   -0.0525
   -0.0527
   -0.0527
   -0.0524
   -0.0519
   -0.0514
   -0.0509
   -0.0503
   -0.0497
   -0.0490
   -0.0483
   -0.0476
   -0.0469
   -0.0462
   -0.0454
   -0.0447
   -0.0439
   -0.0432
   -0.0425
   -0.0417
   -0.0410
   -0.0402
   -0.0395
   -0.0388
   -0.0381
   -0.0374
   -0.0368
   -0.0361
   -0.0355
   -0.0349
   -0.0343
   -0.0338
   -0.0333
   -0.0328
   -0.0323
   -0.0318
   -0.0313
   -0.0308
   -0.0303
   -0.0298
   -0.0293
   -0.0288
   -0.0283
   -0.0277
   -0.0272
   -0.0266
   -0.0261
   -0.0255
   -0.0250
   -0.0245
   -0.0240
   -0.0236
   -0.0232
   -0.0230
   -0.0228
   -0.0226
   -0.0226
   -0.0225
   -0.0225
   -0.0226
   -0.0226
   -0.0227
   -0.0227
   -0.0228
   -0.0228
   -0.0229
   -0.0229
   -0.0229
   -0.0229
   -0.0229
   -0.0229
   -0.0230
   -0.0230
   -0.0230
   -0.0230
   -0.0230
   -0.0230
   -0.0230
   -0.0230
   -0.0229
   -0.0229
   -0.0228
   -0.0227
   -0.0225
   -0.0224
   -0.0223
   -0.0222
   -0.0220
   -0.0219
   -0.0218
   -0.0216
   -0.0215
   -0.0212
   -0.0210
   -0.0207
   -0.0203
   -0.0199
   -0.0195
   -0.0190
   -0.0185
   -0.0179
   -0.0173
   -0.0168
   -0.0162
   -0.0157
   -0.0152
   -0.0148
   -0.0145
   -0.0142
   -0.0140
   -0.0139
   -0.0137
   -0.0136
   -0.0136
   -0.0135
   -0.0135
   -0.0135
   -0.0136
   -0.0137
   -0.0138
   -0.0140
   -0.0141
   -0.0143
   -0.0144
   -0.0144
   -0.0144
   -0.0144
   -0.0143
   -0.0142
   -0.0140
   -0.0139
   -0.0137
   -0.0135
   -0.0134
   -0.0132
   -0.0131
   -0.0129
   -0.0127
   -0.0126
   -0.0125
   -0.0124
   -0.0123
   -0.0122
   -0.0121
   -0.0121
   -0.0120
   -0.0119
   -0.0118
   -0.0117
   -0.0116
   -0.0114
   -0.0112
   -0.0110
   -0.0108
   -0.0105
   -0.0102
   -0.0100
   -0.0097
   -0.0094
   -0.0092
   -0.0090
   -0.0088
   -0.0087
   -0.0087
   -0.0088
   -0.0089
   -0.0090
   -0.0092
   -0.0093
   -0.0095
   -0.0097
   -0.0098
   -0.0100
   -0.0100
   -0.0100
   -0.0100
   -0.0099
   -0.0098
   -0.0096
   -0.0094
   -0.0091
   -0.0088
   -0.0085
   -0.0082
   -0.0078
   -0.0075
   -0.0071
   -0.0068
   -0.0065
   -0.0062
   -0.0059
   -0.0057
   -0.0056
   -0.0056
   -0.0056
   -0.0056
   -0.0057
   -0.0057
   -0.0058
   -0.0058
   -0.0058
   -0.0058
   -0.0058
   -0.0059
   -0.0059
   -0.0061
   -0.0062
   -0.0064
   -0.0067
   -0.0069
   -0.0072
   -0.0074
   -0.0076
   -0.0078
   -0.0080
   -0.0081
   -0.0083
   -0.0084
   -0.0084
   -0.0085
   -0.0085
   -0.0085
   -0.0084
   -0.0084
   -0.0083
   -0.0082
   -0.0081
   -0.0080
   -0.0079
   -0.0078
   -0.0077
   -0.0077
   -0.0077
   -0.0077
   -0.0077
   -0.0077
   -0.0078
   -0.0078
   -0.0079
   -0.0080
   -0.0081
   -0.0082
   -0.0083
   -0.0083
   -0.0083
   -0.0082
   -0.0081
   -0.0079
   -0.0077
   -0.0075
   -0.0072
   -0.0070
   -0.0067
   -0.0063
   -0.0060
   -0.0057
   -0.0054
   -0.0052
   -0.0049
   -0.0048
   -0.0046
   -0.0046
   -0.0045
   -0.0046
   -0.0046
   -0.0047
   -0.0048
   -0.0048
   -0.0049
   -0.0049
   -0.0049
   -0.0048
   -0.0047
   -0.0045
   -0.0043
   -0.0041
   -0.0038
   -0.0035
   -0.0033
   -0.0031
   -0.0029
   -0.0027
   -0.0026
   -0.0025
   -0.0025
   -0.0025
   -0.0025
   -0.0025
   -0.0025
   -0.0026
   -0.0026
   -0.0026
   -0.0026
   -0.0026
   -0.0025
   -0.0025
   -0.0024
   -0.0022
   -0.0021
   -0.0018
   -0.0016
   -0.0014
   -0.0011
   -0.0009
   -0.0007
   -0.0006
   -0.0005
   -0.0005
   -0.0005
   -0.0006
   -0.0008
   -0.0010
   -0.0013
   -0.0017
   -0.0021
   -0.0025
   -0.0029
   -0.0034
   -0.0039
   -0.0044
   -0.0049
   -0.0055
   -0.0061
   -0.0066
   -0.0071
   -0.0076
   -0.0081
   -0.0085
   -0.0089
   -0.0093
   -0.0096
   -0.0099
   -0.0101
   -0.0103
   -0.0105
   -0.0106
   -0.0106
   -0.0106
   -0.0105
   -0.0103
   -0.0102
   -0.0099
   -0.0097
   -0.0093
   -0.0088
   -0.0081
   -0.0072
   -0.0062
   -0.0050
   -0.0037
   -0.0024
   -0.0010
    0.0004
    0.0018
    0.0032
    0.0046
    0.0061
    0.0079
    0.0101
    0.0129
    0.0168
    0.0216
    0.0273
    0.0338
    0.0409
    0.0481
    0.0551
    0.0611
    0.0656
    0.0679
    0.0673
    0.0632
    0.0550
    0.0421
    0.0243
    0.0012
   -0.0272
   -0.0611
   -0.1004
   -0.1451
   -0.1948
   -0.2493
   -0.3081
   -0.3707
   -0.4366
   -0.5051
   -0.5756
   -0.6478
   -0.7209
   -0.7947
   -0.8687
   -0.9424
   -1.0156
   -1.0876
   -1.1579
   -1.2261
   -1.2916
   -1.3541
   -1.4130
   -1.4681
   -1.5191
   -1.5654
   -1.6068
   -1.6428
   -1.6732
   -1.6976
   -1.7161
   -1.7284
   -1.7347
   -1.7352
   -1.7300
   -1.7194
   -1.7038
   -1.6837
   -1.6593
   -1.6313
   -1.5999
   -1.5658
   -1.5293
   -1.4908
   -1.4507
   -1.4093
   -1.3669
   -1.3237
   -1.2799
   -1.2356
   -1.1907
   -1.1451
   -1.0985
   -1.0508
   -1.0016
   -0.9508
   -0.8979
   -0.8424
   -0.7839
   -0.7219
   -0.6559
   -0.5857
   -0.5111
   -0.4321
   -0.3491
   -0.2620
   -0.1712
   -0.0769
    0.0205
    0.1207
    0.2234
    0.3282
    0.4346
    0.5423
    0.6509
    0.7597
    0.8685
    0.9766
    1.0834
    1.1883
    1.2910
    1.3908
    1.4874
    1.5804
    1.6694
    1.7538
    1.8330
    1.9064
    1.9732
    2.0329
    2.0848
    2.1286
    2.1641
    2.1913
    2.2104
    2.2215
    2.2249
    2.2211
    2.2103
    2.1931
    2.1700
    2.1417
    2.1088
    2.0721
    2.0324
    1.9902
    1.9462
    1.9007
    1.8542
    1.8072
    1.7598
    1.7122
    1.6648
    1.6175
    1.5705
    1.5236
    1.4769
    1.4304
    1.3839
    1.3374
    1.2910
    1.2446
    1.1983
    1.1521
    1.1063
    1.0608
    1.0159
    0.9717
    0.9283
    0.8857
    0.8438
    0.8027
    0.7625
    0.7230
    0.6845
    0.6470
    0.6105
    0.5751
    0.5409
    0.5078
    0.4760
    0.4454
    0.4161
    0.3883
    0.3619
    0.3370
    0.3135
    0.2914
    0.2706
    0.2510
    0.2326
    0.2152
    0.1988
    0.1833
    0.1687
    0.1551
    0.1425
    0.1311
    0.1209
    0.1120
    0.1045
    0.0983
    0.0933
    0.0895
    0.0865
    0.0843
    0.0829
    0.0821
    0.0819
    0.0822
    0.0830
    0.0843
    0.0858
    0.0875
    0.0891
    0.0907
    0.0920
    0.0931
    0.0938
    0.0942
    0.0942
    0.0939
    0.0934
    0.0926
    0.0917
    0.0907
    0.0896
    0.0885
    0.0873
    0.0862
    0.0851
    0.0839
    0.0828
    0.0817
    0.0806
    0.0796
    0.0785
    0.0775
    0.0765
    0.0754
    0.0744
    0.0733
    0.0722
    0.0711
    0.0699
    0.0687
    0.0674
    0.0661
    0.0647
    0.0632
    0.0617
    0.0601
    0.0586
    0.0570
    0.0555
    0.0540
    0.0526
    0.0513
    0.0500
    0.0488
    0.0478
    0.0467
    0.0457
    0.0447
    0.0438
    0.0428
    0.0419
    0.0410
    0.0402
    0.0393
    0.0385
    0.0377
    0.0369
    0.0361
    0.0353
    0.0345
    0.0337
    0.0329
    0.0321
    0.0312
    0.0304
    0.0296
    0.0288
    0.0279
    0.0271
    0.0262
    0.0253
    0.0245
    0.0237
    0.0229
    0.0222
    0.0215
    0.0208
    0.0202
    0.0196
    0.0191
    0.0186
    0.0181
    0.0176
    0.0171
    0.0166
    0.0161
    0.0156
    0.0151
    0.0146
    0.0140
    0.0134
    0.0128
    0.0121
    0.0115
    0.0107
    0.0100
    0.0092
    0.0083
    0.0075
    0.0067
    0.0058
    0.0050
    0.0042
    0.0034
    0.0027
    0.0020
    0.0014
    0.0008
    0.0003
   -0.0002
   -0.0006
   -0.0010
   -0.0014
   -0.0017
   -0.0020
   -0.0023
   -0.0026
   -0.0028
   -0.0031
   -0.0033
   -0.0034
   -0.0036
   -0.0037
   -0.0038
   -0.0039
   -0.0039
   -0.0039
   -0.0038
   -0.0038
   -0.0036
   -0.0035
   -0.0033
   -0.0032
   -0.0029
   -0.0027
   -0.0025
   -0.0022
   -0.0020
   -0.0018
   -0.0017
   -0.0015
   -0.0015
   -0.0014
   -0.0014
   -0.0015
   -0.0016
   -0.0017
   -0.0019
   -0.0021
   -0.0023
   -0.0025
   -0.0027
   -0.0030
   -0.0032
   -0.0035
   -0.0038
   -0.0041
   -0.0045
   -0.0048
   -0.0051
   -0.0054
   -0.0056
   -0.0058
   -0.0060
   -0.0061
   -0.0063
   -0.0064
   -0.0065
   -0.0067
   -0.0069
   -0.0071
   -0.0074
   -0.0077
   -0.0081
   -0.0085
   -0.0089
   -0.0093
   -0.0098
   -0.0102
   -0.0106
   -0.0111
   -0.0115
   -0.0120
   -0.0124
   -0.0129
   -0.0134
   -0.0139
   -0.0144
   -0.0149
   -0.0154
   -0.0159
   -0.0165
   -0.0170
   -0.0175
   -0.0181
   -0.0186
   -0.0190
   -0.0194
   -0.0198
   -0.0200
   -0.0203
   -0.0204
   -0.0205
   -0.0206
   -0.0206
   -0.0206
   -0.0205
   -0.0204
   -0.0203
   -0.0201
   -0.0200
   -0.0198
   -0.0196
   -0.0194
   -0.0192
   -0.0190
   -0.0188
   -0.0186
   -0.0184
   -0.0182
   -0.0180
   -0.0178
   -0.0176
   -0.0175
   -0.0173
   -0.0172
   -0.0171
   -0.0170
   -0.0169
   -0.0168
   -0.0168
   -0.0167
   -0.0167
   -0.0166
   -0.0166
   -0.0165
   -0.0165
   -0.0164
   -0.0163
   -0.0163
   -0.0162
   -0.0161
   -0.0161
   -0.0160
   -0.0160
   -0.0159
   -0.0159
   -0.0158
   -0.0158
   -0.0157
   -0.0156
   -0.0155
   -0.0153
   -0.0152
   -0.0150
   -0.0149
   -0.0148
   -0.0147
   -0.0147
   -0.0148
   -0.0149
   -0.0151
   -0.0154
   -0.0157
   -0.0160
   -0.0164
   -0.0168
   -0.0172
   -0.0176
   -0.0181
   -0.0185
   -0.0189
   -0.0193
   -0.0196
   -0.0198
   -0.0200
   -0.0202
   -0.0203
   -0.0204
   -0.0205
   -0.0205
   -0.0205
   -0.0205
   -0.0205
   -0.0204
   -0.0204
   -0.0204
   -0.0204
   -0.0204
   -0.0204
   -0.0204
   -0.0204
   -0.0204
   -0.0203
   -0.0203
   -0.0202
   -0.0201
   -0.0199
   -0.0198
   -0.0196
   -0.0195
   -0.0193
   -0.0192
   -0.0191
   -0.0189
   -0.0188
   -0.0187
   -0.0187
   -0.0187
   -0.0187
   -0.0188
   -0.0190
   -0.0192
   -0.0195
   -0.0198
   -0.0202
   -0.0205
   -0.0209
   -0.0212
   -0.0216
   -0.0219
   -0.0221
   -0.0224
   -0.0226
   -0.0228
   -0.0229
   -0.0230
   -0.0231
   -0.0232
   -0.0232
   -0.0232
   -0.0233
   -0.0233
   -0.0234
   -0.0235
   -0.0236
   -0.0237
   -0.0239
   -0.0240
   -0.0241
   -0.0243
   -0.0244
   -0.0245
   -0.0246
   -0.0246
   -0.0247
   -0.0248
   -0.0248
   -0.0248
   -0.0247
   -0.0247
   -0.0246
   -0.0245
   -0.0243
   -0.0241
   -0.0238
   -0.0236
   -0.0234
   -0.0232
   -0.0230
   -0.0229
   -0.0228
   -0.0227
   -0.0227
   -0.0227
   -0.0227
   -0.0228
   -0.0229
   -0.0230
   -0.0232
   -0.0233
   -0.0234
   -0.0236
   -0.0237
   -0.0239
   -0.0240
   -0.0242
   -0.0243
   -0.0244
   -0.0245
   -0.0246
   -0.0247
   -0.0247
   -0.0248
   -0.0248
   -0.0249
   -0.0249
   -0.0250
   -0.0251
   -0.0252
   -0.0252
   -0.0251
   -0.0250
   -0.0247
   -0.0245
   -0.0242
   -0.0240
   -0.0238
   -0.0235
   -0.0233
   -0.0232
   -0.0230
   -0.0229
   -0.0228
   -0.0227
   -0.0227
   -0.0226
   -0.0226
   -0.0226
   -0.0227
   -0.0227
   -0.0228
   -0.0229
   -0.0230
   -0.0231
   -0.0233
   -0.0234
   -0.0236
   -0.0238
   -0.0240
   -0.0243
   -0.0246
   -0.0248
   -0.0252
   -0.0255
   -0.0258
   -0.0262
   -0.0266
   -0.0271
   -0.0275
   -0.0280