    0.0252
    0.0233
    0.0214
    0.0196
    0.0179
    0.0162
    0.0146
    0.0131
    0.0116
    0.0102
    0.0088
    0.0075
    0.0062
    0.0050
    0.0039
    0.0028
    0.0018
    0.0008
   -0.0001
   -0.0009
   -0.0017
   -0.0024
   -0.0030
   -0.0035
   -0.0040
   -0.0044
   -0.0047
   -0.0049
   -0.0051
   -0.0052
   -0.0051
   -0.0051
   -0.0049
   -0.0048
   -0.0046
   -0.0045
   -0.0046
   -0.0049
   -0.0054
   -0.0057
   -0.0058
   -0.0060
   -0.0061
   -0.0061
   -0.0061
   -0.0060
   -0.0059
   -0.0058
   -0.0057
   -0.0055
   -0.0053
   -0.0050
   -0.0048
   -0.0045
   -0.0042
   -0.0038
   -0.0035
   -0.0030
   -0.0026
   -0.0021
   -0.0017
   -0.0012
   -0.0009
   -0.0005
   -0.0003
   -0.0001
   -0.0001
   -0.0001
   -0.0002
   -0.0004
   -0.0007
   -0.0010
   -0.0013
   -0.0016
   -0.0020
   -0.0024
   -0.0028
   -0.0032
   -0.0036
   -0.0040
   -0.0044
   -0.0047
   -0.0049
   -0.0050
   -0.0049
   -0.0048
   -0.0045
   -0.0041
   -0.0036
   -0.0030
   -0.0023
   -0.0015
   -0.0007
    0.0001
    0.0009
    0.0018
    0.0026
    0.0035
    0.0043
    0.0050
    0.0057
    0.0063
    0.0068
    0.0071
    0.0073
    0.0074
    0.0073
    0.0070
    0.0066
    0.0061
    0.0055
    0.0047
    0.0040
    0.0032
    0.0024
    0.0016
    0.0008
    0.0001
   -0.0006
   -0.0013
   -0.0019
   -0.0024
   -0.0029
   -0.0033
   -0.0036
   -0.0039
   -0.0040
   -0.0041
   -0.0041
   -0.0040
   -0.0038
   -0.0036
   -0.0033
   -0.0030
   -0.0028
   -0.0025
   -0.0022
   -0.0019
   -0.0016
   -0.0012
   -0.0008
   -0.0004
    0.0001
    0.0006
    0.0011
    0.0016
    0.0021
    0.0026
    0.0029
    0.0032
    0.0034
    0.0034
    0.0034
    0.0033
    0.0030
    0.0027
    0.0023
    0.0018
    0.0013
    0.0007
    0.0002
   -0.0004
   -0.0008
   -0.0013
   -0.0016
   -0.0018
   -0.0019
   -0.0019
   -0.0018
   -0.0016
   -0.0014
   -0.0010
   -0.0006
   -0.0002
    0.0001
    0.0005
    0.0008
    0.0010
    0.0011
    0.0012
    0.0013
    0.0012
    0.0010
    0.0008
    0.0005
    0.0001
   -0.0004
   -0.0009
   -0.0014
   -0.0020
   -0.0026
   -0.0031
   -0.0036
   -0.0041
   -0.0046
   -0.0050
   -0.0054
   -0.0057
   -0.0061
   -0.0064
   -0.0066
   -0.0068
   -0.0070
   -0.0070
   -0.0070
   -0.0070
   -0.0068
   -0.0067
   -0.0064
   -0.0062
   -0.0060
   -0.0057
   -0.0055
   -0.0054
   -0.0052
   -0.0051
   -0.0050
   -0.0049
   -0.0048
   -0.0046
   -0.0045
   -0.0043
   -0.0041
   -0.0039
   -0.0036
   -0.0034
   -0.0032
   -0.0029
   -0.0028
   -0.0026
   -0.0025
   -0.0023
   -0.0022
   -0.0022
   -0.0021
   -0.0020
   -0.0019
   -0.0019
   -0.0017
   -0.0016
   -0.0015
   -0.0013
   -0.0011
   -0.0009
   -0.0007
   -0.0004
   -0.0001
    0.0001
    0.0003
    0.0006
    0.0007
    0.0009
    0.0010
    0.0011
    0.0011
    0.0011
    0.0012
    0.0012
    0.0013
    0.0015
    0.0017
    0.0019
    0.0022
    0.0025
    0.0027
    0.0029
    0.0031
    0.0032
    0.0034
    0.0035
    0.0037
    0.0038
    0.0040
    0.0041
    0.0043
    0.0044
    0.0046
    0.0047
    0.0047
    0.0047
    0.0047
    0.0046
    0.0044
    0.0042
    0.0040
    0.0038
    0.0036
    0.0035
    0.0036
    0.0037
    0.0038
    0.0041
    0.0043
    0.0046
    0.0048
    0.0050
    0.0052
    0.0053
    0.0053
    0.0053
    0.0051
    0.0050
    0.0047
    0.0045
    0.0041
    0.0038
    0.0034
    0.0029
    0.0025
    0.0022
    0.0019
    0.0016
    0.0015
    0.0014
    0.0014
    0.0015
    0.0016
    0.0018
    0.0019
    0.0020
    0.0021
    0.0021
    0.0020
    0.0019
    0.0017
    0.0016
    0.0014
    0.0012
    0.0011
    0.0010
    0.0009
    0.0009
    0.0009
    0.0009
    0.0010
    0.0010
    0.0012
    0.0013
    0.0015
    0.0017
    0.0019
    0.0022
    0.0024
    0.0026
    0.0028
    0.0029
    0.0030
    0.0030
    0.0028
    0.0026
    0.0024
    0.0020
    0.0016
    0.0012
    0.0007
    0.0002
   -0.0003
   -0.0008
   -0.0012
   -0.0016
   -0.0019
   -0.0022
   -0.0025
   -0.0028
   -0.0031
   -0.0033
   -0.0036
   -0.0037
   -0.0039
   -0.0040
   -0.0040
   -0.0041
   -0.0041
   -0.0042
   -0.0043
   -0.0044
   -0.0046
   -0.0049
   -0.0052
   -0.0055
   -0.0059
   -0.0063
   -0.0067
   -0.0071
   -0.0075
   -0.0080
   -0.0084
   -0.0088
   -0.0092
   -0.0096
   -0.0099
   -0.0101
   -0.0103
   -0.0103
   -0.0101
   -0.0098
   -0.0092
   -0.0086
   -0.0078
   -0.0069
   -0.0059
   -0.0048
   -0.0037
   -0.0026
   -0.0014
   -0.0002
    0.0009
    0.0021
    0.0032
    0.0043
    0.0053
    0.0063
    0.0073
    0.0081
    0.0089
    0.0096
    0.0101
    0.0105
    0.0108
    0.0110
    0.0110
    0.0109
    0.0107
    0.0103
    0.0098
    0.0091
    0.0083
    0.0074
    0.0064
    0.0052
    0.0040
    0.0027
    0.0013
   -0.0002
   -0.0016
   -0.0030
   -0.0044
   -0.0057
   -0.0069
   -0.0079
   -0.0089
   -0.0097
   -0.0103
   -0.0108
   -0.0111
   -0.0113
   -0.0113
   -0.0112
   -0.0111
   -0.0110
   -0.0108
   -0.0105
   -0.0103
   -0.0100
   -0.0096
   -0.0092
   -0.0088
   -0.0084
   -0.0079
   -0.0073
   -0.0068
   -0.0062
   -0.0056
   -0.0049
   -0.0043
   -0.0036
   -0.0029
   -0.0023
   -0.0017
   -0.0012
   -0.0008
   -0.0004
   -0.0000
    0.0003
    0.0006
    0.0009
    0.0012
    0.0015
    0.0018
    0.0022
    0.0025
    0.0029
    0.0032
    0.0036
    0.0040
    0.0044
    0.0048
    0.0052
    0.0057
    0.0061
    0.0065
    0.0070
    0.0073
    0.0077
    0.0080
    0.0082
    0.0084
    0.0085
    0.0085
    0.0084
    0.0082
    0.0079
    0.0075
    0.0070
    0.0063
    0.0056
    0.0048
    0.0040
    0.0031
    0.0023
    0.0015
    0.0008
    0.0002
   -0.0003
   -0.0007
   -0.0011
   -0.0014
   -0.0017
   -0.0019
   -0.0020
   -0.0021
   -0.0021
   -0.0021
   -0.0020
   -0.0019
   -0.0017
   -0.0015
   -0.0012
   -0.0009
   -0.0005
   -0.0002
    0.0002
    0.0006
    0.0009
    0.0012
    0.0014
    0.0015
    0.0016
    0.0015
    0.0012
    0.0007
   -0.0000
   -0.0012
   -0.0028
   -0.0049
   -0.0073
   -0.0103
   -0.0137
   -0.0178
   -0.0224
   -0.0277
   -0.0334
   -0.0393
   -0.0451
   -0.0503
   -0.0543
   -0.0568
   -0.0575
   -0.0559
   -0.0521
   -0.0460
   -0.0373
   -0.0259
   -0.0117
    0.0057
    0.0264
    0.0506
    0.0786
    0.1107
    0.1469
    0.1875
    0.2326
    0.2821
    0.3360
    0.3940
    0.4561
    0.5221
    0.5916
    0.6644
    0.7399
    0.8176
    0.8969
    0.9771
    1.0572
    1.1366
    1.2144
    1.2895
    1.3611
    1.4283
    1.4902
    1.5459
    1.5948
    1.6362
    1.6696
    1.6948
    1.7115
    1.7194
    1.7185
    1.7086
    1.6897
    1.6616
    1.6246
    1.5787
    1.5244
    1.4621
    1.3922
    1.3153
    1.2321
    1.1433
    1.0496
    0.9519
    0.8507
    0.7470
    0.6415
    0.5351
    0.4287
    0.3235
    0.2202
    0.1196
    0.0227
   -0.0700
   -0.1577
   -0.2397
   -0.3153
   -0.3842
   -0.4460
   -0.5003
   -0.5474
   -0.5874
   -0.6207
   -0.6478
   -0.6693
   -0.6859
   -0.6983
   -0.7071
   -0.7131
   -0.7171
   -0.7196
   -0.7213
   -0.7223
   -0.7232
   -0.7242
   -0.7257
   -0.7279
   -0.7311
   -0.7355
   -0.7412
   -0.7482
   -0.7565
   -0.7662
   -0.7773
   -0.7899
   -0.8040
   -0.8195
   -0.8364
   -0.8542
   -0.8727
   -0.8916
   -0.9106
   -0.9292
   -0.9471
   -0.9638
   -0.9788
   -0.9918
   -1.0022
   -1.0098
   -1.0144
   -1.0159
   -1.0144
   -1.0100
   -1.0030
   -0.9935
   -0.9817
   -0.9681
   -0.9528
   -0.9360
   -0.9181
   -0.8994
   -0.8801
   -0.8604
   -0.8406
   -0.8208
   -0.8012
   -0.7819
   -0.7629
   -0.7442
   -0.7261
   -0.7083
   -0.6911
   -0.6744
   -0.6585
   -0.6436
   -0.6297
   -0.6168
   -0.6048
   -0.5935
   -0.5828
   -0.5723
   -0.5618
   -0.5509
   -0.5394
   -0.5272
   -0.5141
   -0.5000
   -0.4848
   -0.4685
   -0.4509
   -0.4318
   -0.4111
   -0.3887
   -0.3643
   -0.3381
   -0.3102
   -0.2807
   -0.2501
   -0.2187
   -0.1868
   -0.1548
   -0.1231
   -0.0921
   -0.0622
   -0.0336
   -0.0067
    0.0184
    0.0415
    0.0626
    0.0817
    0.0989
    0.1143
    0.1279
    0.1399
    0.1504
    0.1595
    0.1675
    0.1745
    0.1805
    0.1856
    0.1898
    0.1932
    0.1957
    0.1973
    0.1980
    0.1979
    0.1969
    0.1952
    0.1927
    0.1895
    0.1858
    0.1817
    0.1774
    0.1729
    0.1685
    0.1642
    0.1602
    0.1566
    0.1534
    0.1506
    0.1482
    0.1463
    0.1446
    0.1433
    0.1422
    0.1411
    0.1401
    0.1391
    0.1379
    0.1367
    0.1353
    0.1337
    0.1320
    0.1302
    0.1283
    0.1263
    0.1243
    0.1223
    0.1203
    0.1183
    0.1163
    0.1143
    0.1124
    0.1105
    0.1086
    0.1067
    0.1048
    0.1029
    0.1010
    0.0992
    0.0975
    0.0959
    0.0943
    0.0929
    0.0917
    0.0906
    0.0897
    0.0890
    0.0884
    0.0880
    0.0875
    0.0872
    0.0868
    0.0865
    0.0862
    0.0860
    0.0858
    0.0856
    0.0854
    0.0852
    0.0849
    0.0846
    0.0842
    0.0838
    0.0833
    0.0827
    0.0821
    0.0815
    0.0807
    0.0800
    0.0792
    0.0784
    0.0775
    0.0766
    0.0757
    0.0747
    0.0736
    0.0725
    0.0713
    0.0701
    0.0688
    0.0676
    0.0663
    0.0651
    0.0639
    0.0626
    0.0614
    0.0601
    0.0587
    0.0573
    0.0558
    0.0542
    0.0526
    0.0510
    0.0494
    0.0480
    0.0467
    0.0456
    0.0446
    0.0439
    0.0433
    0.0429
    0.0426
    0.0423
    0.0420
    0.0418
    0.0415
    0.0412
    0.0409
    0.0406
    0.0403
    0.0400
    0.0396
    0.0393
    0.0389
    0.0386
    0.0382
    0.0377
    0.0372
    0.0367
    0.0360
    0.0353
    0.0347
    0.0341
    0.0336
    0.0331
    0.0328
    0.0326
    0.0326
    0.0326
    0.0326
    0.0327
    0.0327
    0.0328
    0.0328
    0.0327
    0.0325
    0.0322
    0.0318
    0.0313
    0.0307
    0.0300
    0.0292
    0.0285
    0.0277
    0.0269
    0.0261
    0.0253
    0.0247
    0.0241
    0.0236
    0.0232
    0.0230
    0.0230
    0.0231
    0.0233
    0.0234
    0.0236
    0.0236
    0.0235
    0.0233
    0.0230
    0.0225
    0.0219
    0.0213
    0.0207
    0.0200
    0.0193
    0.0187
    0.0181
    0.0176
    0.0171
    0.0166
    0.0162
    0.0158
    0.0155
    0.0153
    0.0151
    0.0151
    0.0152
    0.0153
    0.0155
    0.0158
    0.0160
    0.0163
    0.0165
    0.0166
    0.0167
    0.0167
    0.0166
    0.0165
    0.0163
    0.0161
    0.0159
    0.0157
    0.0155
    0.0154
    0.0153
    0.0154
    0.0155
    0.0158
    0.0161
    0.0165
    0.0170
    0.0176
    0.0181
    0.0187
    0.0191
    0.0196
    0.0199
    0.0201
    0.0202
    0.0202
    0.0202
    0.0200
    0.0199
    0.0197
    0.0197
    0.0198
    0.0200
    0.0202
    0.0207
    0.0212
    0.0219
    0.0226
    0.0234
    0.0241
    0.0248
    0.0254
    0.0259
    0.0264
    0.0268
    0.0270
    0.0272
    0.0271
    0.0268
    0.0261
    0.0251
    0.0237
    0.0219
    0.0196
    0.0170
    0.0139
    0.0104
    0.0065
    0.0023
   -0.0021
   -0.0069
   -0.0120
   -0.0174
   -0.0230
   -0.0291
   -0.0355
   -0.0425
   -0.0501
   -0.0585
   -0.0679
   -0.0784
   -0.0901
   -0.1030
   -0.1171
   -0.1326
   -0.1493
   -0.1674
   -0.1868
   -0.2075
   -0.2294
   -0.2526
   -0.2770
   -0.3028
   -0.3299
   -0.3585
   -0.3886
   -0.4200
   -0.4528
   -0.4868
   -0.5219
   -0.5578
   -0.5943
   -0.6309
   -0.6676
   -0.7039
   -0.7396
   -0.7744
   -0.8082
   -0.8406
   -0.8715
   -0.9005
   -0.9275
   -0.9521
   -0.9739
   -0.9926
   -1.0080
   -1.0196
   -1.0274
   -1.0310
   -1.0302
   -1.0250
   -1.0150
   -1.0003
   -0.9809
   -0.9569
   -0.9286
   -0.8962
   -0.8602
   -0.8208
   -0.7785
   -0.7335
   -0.6860
   -0.6362
   -0.5845
   -0.5310
   -0.4762
   -0.4203
   -0.3639
   -0.3074
   -0.2513
   -0.1958
   -0.1413
   -0.0879
   -0.0357
    0.0153
    0.0647
    0.1126
    0.1587
    0.2029
    0.2450
    0.2850
    0.3229
    0.3587
    0.3925
    0.4242
    0.4538
    0.4812
    0.5065
    0.5297
    0.5511
    0.5706
    0.5885
    0.6049
    0.6199
    0.6337
    0.6465
    0.6584
    0.6699
    0.6810
    0.6922
    0.7036
    0.7156
    0.7282
    0.7416
    0.7558
    0.7706
    0.7860
    0.8017
    0.8175
    0.8334
    0.8493
    0.8652
    0.8811
    0.8971
    0.9132
    0.9295
    0.9458
    0.9620
    0.9780
    0.9936
    1.0086
    1.0231
    1.0367
    1.0492
    1.0605
    1.0701
    1.0777
    1.0833
    1.0865
    1.0873
    1.0856
    1.0815
    1.0751
    1.0663
    1.0551
    1.0416
    1.0256
    1.0072
    0.9866
    0.9640
    0.9397
    0.9141
    0.8876
    0.8606
    0.8333
    0.8061
    0.7789
    0.7518
    0.7248
    0.6978
    0.6708
    0.6438
    0.6167
    0.5894
    0.5618
    0.5337
    0.5050
    0.4759
    0.4463
    0.4164
    0.3863
    0.3562
    0.3263
    0.2967
    0.2675
    0.2388
    0.2108
    0.1834
    0.1568
    0.1310
    0.1060
    0.0817
    0.0581
    0.0351
    0.0126
   -0.0096
   -0.0314
   -0.0529
   -0.0742
   -0.0949
   -0.1151
   -0.1344
   -0.1528
   -0.1698
   -0.1854
   -0.1995
   -0.2119
   -0.2225
   -0.2312
   -0.2381
   -0.2431
   -0.2462
   -0.2474
   -0.2469
   -0.2447
   -0.2412
   -0.2364
   -0.2306
   -0.2242
   -0.2173
   -0.2102
   -0.2032
   -0.1964
   -0.1901
   -0.1845
   -0.1795
   -0.1753
   -0.1718
   -0.1689
   -0.1666
   -0.1646
   -0.1629
   -0.1613
   -0.1597
   -0.1582
   -0.1568
   -0.1553
   -0.1539
   -0.1524
   -0.1510
   -0.1495
   -0.1481
   -0.1467
   -0.1452
   -0.1438
   -0.1424
   -0.1409
   -0.1394
   -0.1378
   -0.1362
   -0.1345
   -0.1327
   -0.1308
   -0.1288
   -0.1268
   -0.1247
   -0.1226
   -0.1205
   -0.1184
   -0.1164
   -0.1144
   -0.1124
   -0.1107
   -0.1090
   -0.1075
   -0.1062
   -0.1050
   -0.1039
   -0.1030
   -0.1021
   -0.1013
   -0.1005
   -0.0996
   -0.0987
   -0.0977
   -0.0966
   -0.0954
   -0.0942
   -0.0930
   -0.0917
   -0.0904
   -0.0891
   -0.0879
   -0.0867
   -0.0855
   -0.0844
   -0.0834
   -0.0824
   -0.0814
   -0.0805
   -0.0795
   -0.0786
   -0.0777
   -0.0768
   -0.0760
   -0.0751
   -0.0743
   -0.0735
   -0.0726
   -0.0718
   -0.0708
   -0.0698
   -0.0688
   -0.0676
   -0.0664
   -0.0652
   -0.0640
   -0.0628
   -0.0617
   -0.0606
   -0.0596
   -0.0588
   -0.0581
   -0.0575
   -0.0570
   -0.0566
   -0.0563
   -0.0560
   -0.0558
   -0.0556
   -0.0554
   -0.0552
   -0.0550
   -0.0547
   -0.0543
   -0.0538
   -0.0533
   -0.0527
   -0.0520
   -0.0512
   -0.0503
   -0.0494
   -0.0484
   -0.0473
   -0.0463
   -0.0452
   -0.0442
   -0.0432
   -0.0422
   -0.0412
   -0.0403
   -0.0393
   -0.0384
   -0.0375
   -0.0366
   -0.0357
   -0.0349
   -0.0342
   -0.0335
   -0.0328
   -0.0323
   -0.0319
   -0.0315
   -0.0313
   -0.0311
   -0.0310
   -0.0309
   -0.0309
   -0.0309
   -0.0309
   -0.0310
   -0.0310
   -0.0311
   -0.0312
   -0.0313
   -0.0314
   -0.0314
   -0.0315
   -0.0315
   -0.0315
   -0.0314
   -0.0312
   -0.0310
   -0.0306
   -0.0302
   -0.0297
   -0.0291
   -0.0284
   -0.0277
   -0.0269
   -0.0261
   -0.0252
   -0.0243
   -0.0234
   -0.0225
   -0.0215
   -0.0206
   -0.0196
   -0.0187
   -0.0177
   -0.0168
   -0.0159
   -0.0150
   -0.0142
   -0.0135
   -0.0128
   -0.0122
   -0.0117
   -0.0112
   -0.0108
   -0.0105
   -0.0103
   -0.0101
   -0.0100
   -0.0099
   -0.0099
   -0.0099
   -0.0100
   -0.0101
   -0.0102
   -0.0103
   -0.0104
   -0.0106
   -0.0107
   -0.0109
   -0.0110
   -0.0112
   -0.0114
   -0.0116
   -0.0119
   -0.0121
   -0.0125
   -0.0129
   -0.0133
   -0.0138
   -0.0142
   -0.0146
   -0.0150
   -0.0153
   -0.0156
   -0.0159
   -0.0161
   -0.0162
   -0.0162
   -0.0162
   -0.0161
   -0.0160
   -0.0159
   -0.0158
   -0.0157
   -0.0156
   -0.0155
   -0.0154
   -0.0153
   -0.0152
   -0.0150
   -0.0149
   -0.0147
   -0.0145
   -0.0144
   -0.0142
   -0.0140
   -0.0138
   -0.0135
   -0.0133
   -0.0130
   -0.0128
   -0.0126
   -0.0123
   -0.0121
   -0.0119
   -0.0117
   -0.0116
   -0.0114
   -0.0114
   -0.0113
   -0.0112
   -0.0112
   -0.0111
   -0.0111
   -0.0111
   -0.0110
   -0.0110
   -0.0109
   -0.0107
   -0.0106
   -0.0103
   -0.0101
   -0.0097
   -0.0094
   -0.0090
   -0.0086
   -0.0082
   -0.0079
   -0.0076
   -0.0073
   -0.0071
   -0.0070
   -0.0069
   -0.0069
   -0.0069
   -0.0070
   -0.0071
   -0.0072
   -0.0073
   -0.0074
   -0.0074
   -0.0075
   -0.0074
   -0.0074
   -0.0072
   -0.0071
   -0.0068
   -0.0066
   -0.0063
   -0.0059
   -0.0056
   -0.0053
   -0.0049
   -0.0046
   -0.0043
   -0.0040
   -0.0037
   -0.0033
   -0.0029
   -0.0025
   -0.0021
   -0.0016
   -0.0012
   -0.0007
   -0.0003
    0.0001
    0.0005
    0.0009
    0.0014
    0.0017
    0.0021
    0.0022
    0.0021
    0.0020
    0.0019
    0.0017
    0.0015
    0.0013
    0.0011
    0.0009
    0.0007
    0.0004
    0.0001
   -0.0001
   -0.0004
   -0.0007
   -0.0011
   -0.0014
   -0.0018
   -0.0022
   -0.0026
   -0.0031
   -0.0035
   -0.0040
   -0.0045
   -0.0050
   -0.0056
   -0.0061
   -0.0067
   -0.0073
   -0.0079
   -0.0086
   -0.0092
   -0.0099
   -0.0106
   -0.0112
   -0.0120
   -0.0127
   -0.0134