   -0.0040
   -0.0037
   -0.0035
   -0.0033
   -0.0031
   -0.0030
   -0.0028
   -0.0026
   -0.0024
   -0.0023
   -0.0021
   -0.0020
   -0.0018
   -0.0017
   -0.0016
   -0.0014
   -0.0013
   -0.0012
   -0.0011
   -0.0010
   -0.0009
   -0.0008
   -0.0007
   -0.0006
   -0.0005
   -0.0004
   -0.0003
   -0.0002
   -0.0002
   -0.0001
   -0.0000
    0.0000
    0.0001
    0.0001
    0.0002
    0.0002
    0.0003
    0.0003
    0.0004
    0.0004
    0.0004
    0.0005
    0.0005
    0.0005
    0.0005
    0.0005
    0.0005
    0.0006
    0.0006
    0.0006
    0.0006
    0.0005
    0.0005
    0.0005
    0.0005
    0.0004
    0.0004
    0.0004
    0.0003
    0.0002
    0.0002
    0.0001
   -0.0000
   -0.0001
   -0.0002
   -0.0004
   -0.0005
   -0.0006
   -0.0008
   -0.0010
   -0.0011
   -0.0012
   -0.0013
   -0.0012
   -0.0012
   -0.0012
   -0.0012
   -0.0011
   -0.0010
   -0.0010
   -0.0009
   -0.0008
   -0.0007
   -0.0006
   -0.0006
   -0.0005
   -0.0004
   -0.0003
   -0.0002
   -0.0001
   -0.0000
    0.0001
    0.0002
    0.0002
    0.0003
    0.0004
    0.0005
    0.0005
    0.0006
    0.0007
    0.0008
    0.0008
    0.0009
    0.0010
    0.0010
    0.0011
    0.0012
    0.0012
    0.0013
    0.0013
    0.0014
    0.0014
    0.0015
    0.0015
    0.0015
    0.0016
    0.0016
    0.0016
    0.0016
    0.0017
    0.0017
    0.0017
    0.0017
    0.0017
    0.0017
    0.0017
    0.0017
    0.0017
    0.0017
    0.0017
    0.0017
    0.0017
    0.0017
    0.0017
    0.0017
    0.0017
    0.0017
    0.0017
    0.0017
    0.0017
    0.0017
    0.0017
    0.0016
    0.0016
    0.0016
    0.0016
    0.0016
    0.0016
    0.0016
    0.0016
    0.0016
    0.0016
    0.0016
    0.0016
    0.0017
    0.0017
    0.0017
    0.0018
    0.0018
    0.0018
    0.0019
    0.0019
    0.0020
    0.0020
    0.0021
    0.0021
    0.0021
    0.0022
    0.0022
    0.0022
    0.0022
    0.0022
    0.0023
    0.0022
    0.0022
    0.0022
    0.0022
    0.0021
    0.0021
    0.0020
    0.0020
    0.0019
    0.0018
    0.0017
    0.0016
    0.0015
    0.0014
    0.0013
    0.0012
    0.0011
    0.0010
    0.0009
    0.0008
    0.0007
    0.0006
    0.0005
    0.0004
    0.0003
    0.0002
    0.0001
    0.0001
   -0.0000
   -0.0001
   -0.0001
   -0.0002
   -0.0002
   -0.0002
   -0.0002
   -0.0003
   -0.0003
   -0.0003
   -0.0003
   -0.0003
   -0.0003
   -0.0003
   -0.0003
   -0.0003
   -0.0003
   -0.0002
   -0.0002
   -0.0002
   -0.0002
   -0.0002
   -0.0001
   -0.0001
   -0.0001
   -0.0001
   -0.0001
   -0.0001
   -0.0000
   -0.0000
   -0.0001
   -0.0001
   -0.0001
   -0.0001
   -0.0001
   -0.0002
   -0.0002
   -0.0003
   -0.0003
   -0.0004
   -0.0004
   -0.0005
   -0.0005
   -0.0006
   -0.0006
   -0.0007
   -0.0007
   -0.0008
   -0.0008
   -0.0009
   -0.0009
   -0.0009
   -0.0009
   -0.0009
   -0.0009
   -0.0009
   -0.0009
   -0.0008
   -0.0008
   -0.0008
   -0.0007
   -0.0007
   -0.0007
   -0.0007
   -0.0006
   -0.0006
   -0.0006
   -0.0006
   -0.0005
   -0.0005
   -0.0005
   -0.0005
   -0.0006
   -0.0006
   -0.0006
   -0.0007
   -0.0007
   -0.0007
   -0.0008
   -0.0008
   -0.0009
   -0.0009
   -0.0010
   -0.0010
   -0.0010
   -0.0011
   -0.0011
   -0.0011
   -0.0011
   -0.0012
   -0.0012
   -0.0012
   -0.0012
   -0.0012
   -0.0011
   -0.0011
   -0.0011
   -0.0011
   -0.0011
   -0.0012
   -0.0013
   -0.0015
   -0.0018
   -0.0022
   -0.0028
   -0.0035
   -0.0043
   -0.0054
   -0.0067
   -0.0082
   -0.0099
   -0.0119
   -0.0141
   -0.0166
   -0.0194
   -0.0225
   -0.0260
   -0.0299
   -0.0342
   -0.0390
   -0.0442
   -0.0499
   -0.0559
   -0.0622
   -0.0686
   -0.0750
   -0.0812
   -0.0870
   -0.0921
   -0.0963
   -0.0995
   -0.1014
   -0.1018
   -0.1005
   -0.0974
   -0.0924
   -0.0855
   -0.0766
   -0.0657
   -0.0528
   -0.0382
   -0.0218
   -0.0037
    0.0159
    0.0369
    0.0592
    0.0826
    0.1071
    0.1325
    0.1586
    0.1854
    0.2127
    0.2403
    0.2682
    0.2963
    0.3244
    0.3525
    0.3806
    0.4085
    0.4363
    0.4639
    0.4912
    0.5184
    0.5453
    0.5719
    0.5983
    0.6244
    0.6502
    0.6758
    0.7011
    0.7262
    0.7510
    0.7756
    0.8000
    0.8242
    0.8482
    0.8721
    0.8957
    0.9192
    0.9425
    0.9655
    0.9882
    1.0106
    1.0326
    1.0542
    1.0754
    1.0961
    1.1165
    1.1363
    1.1557
    1.1745
    1.1926
    1.2101
    1.2267
    1.2424
    1.2570
    1.2703
    1.2820
    1.2921
    1.3002
    1.3061
    1.3096
    1.3104
    1.3085
    1.3035
    1.2954
    1.2840
    1.2692
    1.2509
    1.2290
    1.2034
    1.1740
    1.1410
    1.1041
    1.0636
    1.0194
    0.9716
    0.9203
    0.8656
    0.8078
    0.7469
    0.6832
    0.6169
    0.5481
    0.4772
    0.4043
    0.3297
    0.2536
    0.1763
    0.0980
    0.0190
   -0.0606
   -0.1405
   -0.2206
   -0.3005
   -0.3801
   -0.4593
   -0.5378
   -0.6155
   -0.6923
   -0.7680
   -0.8425
   -0.9157
   -0.9875
   -1.0578
   -1.1266
   -1.1938
   -1.2593
   -1.3232
   -1.3852
   -1.4455
   -1.5039
   -1.5603
   -1.6147
   -1.6670
   -1.7170
   -1.7644
   -1.8092
   -1.8512
   -1.8900
   -1.9254
   -1.9573
   -1.9854
   -2.0095
   -2.0294
   -2.0451
   -2.0565
   -2.0635
   -2.0662
   -2.0645
   -2.0586
   -2.0484
   -2.0341
   -2.0159
   -1.9938
   -1.9680
   -1.9386
   -1.9058
   -1.8698
   -1.8306
   -1.7885
   -1.7435
   -1.6958
   -1.6457
   -1.5933
   -1.5389
   -1.4826
   -1.4247
   -1.3654
   -1.3049
   -1.2435
   -1.1815
   -1.1189
   -1.0561
   -0.9933
   -0.9307
   -0.8686
   -0.8072
   -0.7467
   -0.6875
   -0.6297
   -0.5735
   -0.5192
   -0.4669
   -0.4168
   -0.3690
   -0.3238
   -0.2811
   -0.2411
   -0.2039
   -0.1695
   -0.1379
   -0.1092
   -0.0834
   -0.0603
   -0.0399
   -0.0222
   -0.0069
    0.0059
    0.0166
    0.0252
    0.0320
    0.0372
    0.0410
    0.0435
    0.0450
    0.0456
    0.0454
    0.0444
    0.0429
    0.0408
    0.0383
    0.0353
    0.0321
    0.0285
    0.0248
    0.0208
    0.0167
    0.0126
    0.0084
    0.0044
    0.0006
   -0.0031
   -0.0066
   -0.0099
   -0.0129
   -0.0158
   -0.0185
   -0.0209
   -0.0232
   -0.0252
   -0.0271
   -0.0287
   -0.0301
   -0.0313
   -0.0323
   -0.0331
   -0.0338
   -0.0343
   -0.0346
   -0.0349
   -0.0350
   -0.0352
   -0.0352
   -0.0353
   -0.0353
   -0.0353
   -0.0353
   -0.0354
   -0.0354
   -0.0354
   -0.0355
   -0.0355
   -0.0355
   -0.0355
   -0.0355
   -0.0355
   -0.0355
   -0.0355
   -0.0354
   -0.0354
   -0.0354
   -0.0354
   -0.0354
   -0.0354
   -0.0354
   -0.0354
   -0.0354
   -0.0355
   -0.0355
   -0.0355
   -0.0355
   -0.0355
   -0.0355
   -0.0355
   -0.0355
   -0.0354
   -0.0354
   -0.0353
   -0.0352
   -0.0351
   -0.0349
   -0.0347
   -0.0345
   -0.0343
   -0.0341
   -0.0338
   -0.0335
   -0.0331
   -0.0327
   -0.0323
   -0.0319
   -0.0314
   -0.0308
   -0.0303
   -0.0297
   -0.0290
   -0.0283
   -0.0276
   -0.0269
   -0.0261
   -0.0253
   -0.0245
   -0.0237
   -0.0228
   -0.0220
   -0.0211
   -0.0202
   -0.0193
   -0.0184
   -0.0175
   -0.0166
   -0.0157
   -0.0149
   -0.0141
   -0.0132
   -0.0125
   -0.0117
   -0.0110
   -0.0103
   -0.0097
   -0.0091
   -0.0085
   -0.0080
   -0.0076
   -0.0072
   -0.0068
   -0.0065
   -0.0062
   -0.0060
   -0.0059
   -0.0057
   -0.0056
   -0.0056
   -0.0056
   -0.0056
   -0.0057
   -0.0058
   -0.0060
   -0.0062
   -0.0064
   -0.0066
   -0.0069
   -0.0072
   -0.0075
   -0.0078
   -0.0081
   -0.0084
   -0.0087
   -0.0090
   -0.0094
   -0.0096
   -0.0099
   -0.0102
   -0.0104
   -0.0107
   -0.0109
   -0.0111
   -0.0113
   -0.0115
   -0.0118
   -0.0120
   -0.0123
   -0.0126
   -0.0129
   -0.0132
   -0.0135
   -0.0138
   -0.0141
   -0.0143
   -0.0146
   -0.0148
   -0.0150
   -0.0153
   -0.0155
   -0.0157
   -0.0158
   -0.0160
   -0.0161
   -0.0162
   -0.0163
   -0.0163
   -0.0162
   -0.0161
   -0.0160
   -0.0158
   -0.0156
   -0.0153
   -0.0150
   -0.0146
   -0.0143
   -0.0139
   -0.0135
   -0.0131
   -0.0127
   -0.0123
   -0.0119
   -0.0115
   -0.0111
   -0.0108
   -0.0104
   -0.0100
   -0.0096
   -0.0092
   -0.0089
   -0.0085
   -0.0082
   -0.0079
   -0.0075
   -0.0072
   -0.0070
   -0.0067
   -0.0064
   -0.0062
   -0.0059
   -0.0057
   -0.0055
   -0.0053
   -0.0051
   -0.0050
   -0.0048
   -0.0047
   -0.0046
   -0.0045
   -0.0045
   -0.0044
   -0.0044
   -0.0043
   -0.0043
   -0.0043
   -0.0043
   -0.0043
   -0.0042
   -0.0042
   -0.0042
   -0.0042
   -0.0042
   -0.0041
   -0.0041
   -0.0041
   -0.0040
   -0.0040
   -0.0039
   -0.0038
   -0.0037
   -0.0036
   -0.0035
   -0.0034
   -0.0033
   -0.0032
   -0.0031
   -0.0030
   -0.0029
   -0.0027
   -0.0026
   -0.0025
   -0.0023
   -0.0021
   -0.0019
   -0.0018
   -0.0016
   -0.0015
   -0.0014
   -0.0014
   -0.0014
   -0.0014
   -0.0015
   -0.0016
   -0.0017
   -0.0018
   -0.0019
   -0.0021
   -0.0023
   -0.0024
   -0.0026
   -0.0028
   -0.0030
   -0.0031
   -0.0032
   -0.0033
   -0.0034
   -0.0034
   -0.0034
   -0.0034
   -0.0034
   -0.0034
   -0.0033
   -0.0033
   -0.0032
   -0.0032
   -0.0031
   -0.0030
   -0.0030
   -0.0029
   -0.0029
   -0.0028
   -0.0027
   -0.0025
   -0.0024
   -0.0022
   -0.0019
   -0.0015
   -0.0011
   -0.0006
    0.0000
    0.0009
    0.0019
    0.0032
    0.0047
    0.0067
    0.0089
    0.0116
    0.0147
    0.0182
    0.0222
    0.0266
    0.0315
    0.0367
    0.0424
    0.0485
    0.0549
    0.0616
    0.0685
    0.0755
    0.0824
    0.0892
    0.0957
    0.1017
    0.1070
    0.1115
    0.1150
    0.1172
    0.1181
    0.1174
    0.1151
    0.1110
    0.1049
    0.0967
    0.0864
    0.0739
    0.0590
    0.0418
    0.0222
    0.0001
   -0.0242
   -0.0510
   -0.0799
   -0.1111
   -0.1444
   -0.1798
   -0.2170
   -0.2560
   -0.2966
   -0.3387
   -0.3822
   -0.4268
   -0.4724
   -0.5188
   -0.5658
   -0.6133
   -0.6611
   -0.7090
   -0.7569
   -0.8045
   -0.8518
   -0.8986
   -0.9445
   -0.9896
   -1.0335
   -1.0761
   -1.1172
   -1.1567
   -1.1945
   -1.2305
   -1.2645
   -1.2966
   -1.3266
   -1.3545
   -1.3804
   -1.4040
   -1.4254
   -1.4444
   -1.4611
   -1.4753
   -1.4870
   -1.4959
   -1.5021
   -1.5055
   -1.5059
   -1.5032
   -1.4973
   -1.4881
   -1.4754
   -1.4593
   -1.4396
   -1.4164
   -1.3895
   -1.3590
   -1.3250
   -1.2875
   -1.2465
   -1.2021
   -1.1545
   -1.1038
   -1.0501
   -0.9935
   -0.9342
   -0.8725
   -0.8084
   -0.7423
   -0.6742
   -0.6045
   -0.5332
   -0.4606
   -0.3868
   -0.3120
   -0.2365
   -0.1603
   -0.0837
   -0.0068
    0.0701
    0.1469
    0.2234
    0.2993
    0.3745
    0.4488
    0.5221
    0.5942
    0.6648
    0.7338
    0.8010
    0.8664
    0.9297
    0.9908
    1.0496
    1.1060
    1.1599
    1.2112
    1.2599
    1.3059
    1.3492
    1.3897
    1.4276
    1.4628
    1.4953
    1.5253
    1.5526
    1.5773
    1.5996
    1.6194
    1.6368
    1.6518
    1.6646
    1.6751
    1.6834
    1.6896
    1.6937
    1.6957
    1.6957
    1.6937
    1.6896
    1.6836
    1.6756
    1.6658
    1.6540
    1.6405
    1.6252
    1.6082
    1.5896
    1.5695
    1.5480
    1.5251
    1.5008
    1.4754
    1.4487
    1.4210
    1.3922
    1.3624
    1.3318
    1.3003
    1.2682
    1.2354
    1.2021
    1.1683
    1.1340
    1.0995
    1.0646
    1.0295
    0.9942
    0.9588
    0.9234
    0.8880
    0.8527
    0.8176
    0.7826
    0.7478
    0.7133
    0.6791
    0.6453
    0.6119
    0.5790
    0.5466
    0.5148
    0.4835
    0.4529
    0.4229
    0.3936
    0.3649
    0.3369
    0.3094
    0.2826
    0.2564
    0.2309
    0.2060
    0.1819
    0.1587
    0.1364
    0.1151
    0.0949
    0.0759
    0.0582
    0.0419
    0.0271
    0.0137
    0.0019
   -0.0085
   -0.0173
   -0.0246
   -0.0304
   -0.0348
   -0.0379
   -0.0399
   -0.0407
   -0.0406
   -0.0396
   -0.0380
   -0.0358
   -0.0332
   -0.0303
   -0.0271
   -0.0237
   -0.0203
   -0.0170
   -0.0137
   -0.0105
   -0.0076
   -0.0048
   -0.0022
    0.0002
    0.0023
    0.0043
    0.0061
    0.0078
    0.0094
    0.0108
    0.0121
    0.0133
    0.0145
    0.0155
    0.0164
    0.0173
    0.0181
    0.0188
    0.0196
    0.0204
    0.0211
    0.0219
    0.0227
    0.0234
    0.0242
    0.0250
    0.0257
    0.0264
    0.0271
    0.0277
    0.0283
    0.0288
    0.0292
    0.0296
    0.0298
    0.0300
    0.0300
    0.0299
    0.0298
    0.0295
    0.0291
    0.0286
    0.0279
    0.0273
    0.0265
    0.0256
    0.0247
    0.0238
    0.0228
    0.0218
    0.0208
    0.0198
    0.0189
    0.0180
    0.0171
    0.0163
    0.0155
    0.0148
    0.0142
    0.0136
    0.0131
    0.0126
    0.0121
    0.0117
    0.0112
    0.0108
    0.0104
    0.0101
    0.0097
    0.0094
    0.0091
    0.0088
    0.0086
    0.0083
    0.0081
    0.0079
    0.0077
    0.0075
    0.0073
    0.0071
    0.0069
    0.0067
    0.0065
    0.0063
    0.0061
    0.0059
    0.0057
    0.0055
    0.0053
    0.0050
    0.0048
    0.0045
    0.0042
    0.0039
    0.0036
    0.0033
    0.0030
    0.0027
    0.0024
    0.0020
    0.0017
    0.0014
    0.0011
    0.0008
    0.0005
    0.0002
   -0.0001
   -0.0003
   -0.0006
   -0.0009
   -0.0011
   -0.0014
   -0.0017
   -0.0019
   -0.0021
   -0.0024
   -0.0026
   -0.0028
   -0.0030
   -0.0032
   -0.0034
   -0.0036
   -0.0038
   -0.0040
   -0.0042
   -0.0044
   -0.0047
   -0.0049
   -0.0051
   -0.0054
   -0.0056
   -0.0059
   -0.0061
   -0.0064
   -0.0067
   -0.0069
   -0.0072
   -0.0075
   -0.0077
   -0.0080
   -0.0083
   -0.0086
   -0.0089
   -0.0092
   -0.0095
   -0.0098
   -0.0101
   -0.0105
   -0.0108
   -0.0112
   -0.0115
   -0.0118
   -0.0122
   -0.0125
   -0.0128
   -0.0131
   -0.0134
   -0.0137
   -0.0140
   -0.0142
   -0.0145
   -0.0147
   -0.0149
   -0.0151
   -0.0153
   -0.0154
   -0.0156
   -0.0157
   -0.0158
   -0.0159
   -0.0160
   -0.0161
   -0.0162
   -0.0163
   -0.0164
   -0.0165
   -0.0167
   -0.0168
   -0.0169
   -0.0170
   -0.0171
   -0.0172
   -0.0173
   -0.0174
   -0.0176
   -0.0176
   -0.0177
   -0.0178
   -0.0179
   -0.0180
   -0.0180
   -0.0181
   -0.0182
   -0.0182
   -0.0183
   -0.0184
   -0.0184
   -0.0185
   -0.0185
   -0.0186
   -0.0187
   -0.0187
   -0.0188
   -0.0189
   -0.0189
   -0.0190
   -0.0190
   -0.0191
   -0.0191
   -0.0192
   -0.0193
   -0.0193
   -0.0194
   -0.0195
   -0.0195
   -0.0196
   -0.0197
   -0.0197
   -0.0198
   -0.0199
   -0.0199
   -0.0199
   -0.0199
   -0.0200
   -0.0200
   -0.0199
   -0.0199
   -0.0199
   -0.0199
   -0.0198
   -0.0198
   -0.0197
   -0.0197
   -0.0196
   -0.0195
   -0.0195
   -0.0194
   -0.0194
   -0.0193
   -0.0192
   -0.0192
   -0.0192
   -0.0191
   -0.0191
   -0.0191
   -0.0191
   -0.0192
   -0.0192
   -0.0193
   -0.0193
   -0.0194
   -0.0195
   -0.0196
   -0.0197
   -0.0198
   -0.0199
   -0.0200
   -0.0201
   -0.0202
   -0.0203
   -0.0204
   -0.0204
   -0.0205
   -0.0206
   -0.0206
   -0.0207
   -0.0207
   -0.0208
   -0.0208
   -0.0208
   -0.0208
   -0.0208
   -0.0209
   -0.0209
   -0.0209
   -0.0209
   -0.0209
   -0.0209
   -0.0209
   -0.0209
   -0.0210
   -0.0210
   -0.0210
   -0.0211
   -0.0211
   -0.0212
   -0.0212
   -0.0213
   -0.0213
   -0.0214
   -0.0215
   -0.0215
   -0.0216
   -0.0217
   -0.0218
   -0.0219
   -0.0220
   -0.0221
   -0.0221
   -0.0222
   -0.0223
   -0.0224
   -0.0225
   -0.0225
   -0.0226
   -0.0226
   -0.0226
   -0.0226
   -0.0226
   -0.0226
   -0.0226
   -0.0225
   -0.0225
   -0.0224
   -0.0223
   -0.0223
   -0.0222
   -0.0221
   -0.0219
   -0.0218
   -0.0217
   -0.0215
   -0.0214
   -0.0212
   -0.0211
   -0.0209
   -0.0207
   -0.0205
   -0.0203
   -0.0201
   -0.0199
   -0.0196
   -0.0194
   -0.0191
   -0.0189
   -0.0186
   -0.0183
   -0.0181
   -0.0178
   -0.0175
   -0.0172
   -0.0168
   -0.0165
   -0.0162
   -0.0158
   -0.0155
   -0.0151
   -0.0147
   -0.0144
   -0.0140
   -0.0136
   -0.0132
   -0.0127
   -0.0123
   -0.0119
   -0.0114
   -0.0110
   -0.0105
   -0.0100
   -0.0095
   -0.0091
   -0.0086
   -0.0080
   -0.0075
   -0.0070
   -0.0064
   -0.0059
   -0.0053